0 0 0 33 35 35 36 39 38 38 
0 0 1 34 32 35 36 34 32 31 
0 0 2 37 36 37 35 34 32 30 
0 0 3 34 37 49 51 48 41 38 
0 1 0 35 39 42 39 35 36 40 
0 1 1 40 47 58 61 56 47 39 
0 1 2 29 29 28 27 28 29 30 
0 1 3 31 27 30 29 31 31 32 
0 2 0 28 29 31 31 31 34 38 
0 2 1 31 29 30 28 31 39 41 
0 2 2 31 42 59 62 51 39 36 
0 2 3 39 42 52 55 50 41 37 
0 3 0 33 35 39 39 38 37 34 
0 3 1 37 37 44 45 41 40 37 
0 3 2 29 32 35 35 31 30 26 
0 3 3 37 44 47 47 40 34 33 
0 4 0 31 31 31 32 35 32 30 
0 4 1 30 30 35 35 31 33 36 
0 4 2 30 30 32 36 36 37 37 
0 4 3 33 44 61 61 51 44 36 
0 5 0 33 32 36 38 35 31 31 
0 5 1 31 36 40 39 36 31 30 
0 5 2 26 31 49 56 51 41 33 
0 5 3 33 43 60 65 54 44 38 
0 6 0 28 31 37 37 35 35 33 
0 6 1 36 42 43 40 33 31 31 
0 6 2 28 29 36 35 33 32 28 
0 6 3 33 34 40 38 35 32 33 
0 7 0 31 37 41 40 34 31 32 
0 7 1 31 40 51 49 43 38 36 
0 7 2 30 31 33 31 31 31 32 
0 7 3 27 30 33 31 30 29 28 
0 8 0 35 33 35 38 39 36 33 
0 8 1 28 29 30 35 36 36 36 
0 8 2 31 39 47 47 45 40 31 
0 8 3 32 44 54 52 46 41 36 
0 9 0 34 48 59 55 48 42 38 
0 9 1 38 51 63 61 48 38 36 
0 9 2 30 35 45 46 43 37 32 
0 9 3 33 35 34 33 34 34 35 
0 10 0 28 27 29 32 33 31 32 
0 10 1 36 35 33 33 34 37 37 
0 10 2 33 47 58 56 46 36 33 
0 10 3 36 45 48 44 37 30 29 
0 11 0 32 32 33 34 34 36 35 
0 11 1 34 33 31 33 33 32 31 
0 11 2 35 48 62 59 49 42 35 
0 11 3 31 35 59 75 68 52 45 
0 12 0 35 40 48 47 43 38 36 
0 12 1 38 45 53 55 48 42 39 
0 12 2 28 30 31 32 32 32 31 
0 12 3 27 26 30 31 30 28 31 
0 13 0 33 33 34 35 36 37 37 
0 13 1 30 33 34 34 34 31 36 
0 13 2 27 29 40 45 43 37 34 
0 13 3 33 36 41 41 40 38 37 
0 14 0 31 33 37 37 33 34 42 
0 14 1 33 37 38 35 33 32 36 
0 14 2 35 34 39 43 42 37 32 
0 14 3 37 47 56 57 53 45 39 
0 15 0 31 32 34 33 32 31 31 
0 15 1 34 41 44 40 34 31 31 
0 15 2 35 37 38 39 34 31 30 
0 15 3 31 32 38 43 41 37 34 
0 16 0 31 31 31 31 31 31 31 
0 16 1 37 47 60 59 50 38 34 
0 16 2 32 52 92 99 81 62 49 
0 16 3 35 55 83 86 68 51 44 
0 17 0 28 32 34 32 32 33 32 
0 17 1 31 30 30 31 31 33 34 
0 17 2 28 34 44 49 48 43 38 
0 17 3 25 34 47 50 43 34 30 
0 18 0 29 35 38 37 35 34 33 
0 18 1 36 40 45 43 38 36 33 
0 18 2 48 49 47 42 36 34 35 
0 18 3 50 47 45 42 39 35 35 
0 19 0 31 29 31 32 31 30 31 
0 19 1 35 32 31 31 32 33 35 
0 19 2 34 44 55 50 43 36 34 
0 19 3 31 41 51 47 41 37 37 
0 20 0 30 30 28 28 30 30 26 
0 20 1 24 25 25 30 30 27 27 
0 20 2 35 37 42 45 42 41 37 
0 20 3 36 42 52 51 43 39 39 
0 21 0 29 29 26 25 25 26 28 
0 21 1 34 32 29 28 29 25 26 
0 21 2 37 44 50 47 46 43 35 
0 21 3 38 48 56 54 47 39 37 
0 22 0 26 29 33 36 35 36 33 
0 22 1 30 31 37 39 38 36 33 
0 22 2 33 41 43 42 37 36 33 
0 22 3 42 49 54 47 38 31 27 
0 23 0 28 31 30 30 30 27 26 
0 23 1 31 31 31 33 31 32 31 
0 23 2 45 87 116 101 71 48 37 
0 23 3 57 116 147 122 83 58 44 
0 24 0 33 35 36 32 30 31 34 
0 24 1 31 30 31 34 38 37 34 
0 24 2 37 44 50 50 43 39 32 
0 24 3 39 48 57 55 46 41 38 
0 25 0 38 37 36 36 34 32 32 
0 25 1 33 34 35 35 36 38 36 
0 25 2 31 37 45 45 41 38 35 
0 25 3 29 41 49 46 40 34 30 
0 26 0 35 40 39 36 33 30 27 
0 26 1 44 56 55 46 35 28 28 
0 26 2 30 30 31 30 33 34 33 
0 26 3 33 32 30 31 32 31 31 
0 27 0 27 32 35 32 31 32 32 
0 27 1 29 27 28 27 27 29 31 
0 27 2 31 38 47 49 44 35 31 
0 27 3 38 55 64 58 46 37 34 
0 28 0 31 33 35 34 37 34 35 
0 28 1 34 34 35 34 34 35 35 
0 28 2 28 40 58 56 49 40 36 
0 28 3 30 40 54 57 47 37 33 
0 29 0 32 43 49 51 44 36 31 
0 29 1 32 38 38 35 32 32 31 
0 29 2 25 28 32 34 34 34 31 
0 29 3 27 31 31 31 29 27 26 
0 30 0 33 33 30 30 31 31 31 
0 30 1 31 31 33 31 32 32 31 
0 30 2 36 40 46 48 43 40 37 
0 30 3 44 51 56 55 49 41 38 
0 31 0 33 40 43 39 34 31 32 
0 31 1 34 47 54 53 46 40 38 
0 31 2 32 34 32 28 28 29 29 
0 31 3 31 34 33 34 36 32 31 
0 32 0 35 45 47 42 36 33 35 
0 32 1 37 42 42 39 37 39 36 
0 32 2 31 37 38 38 34 31 28 
0 32 3 37 40 38 35 33 32 31 
0 33 0 29 34 34 33 37 37 34 
0 33 1 35 37 36 37 38 38 35 
0 33 2 37 43 47 43 38 37 34 
0 33 3 42 54 58 52 46 39 36 
0 34 0 27 25 31 31 31 32 31 
0 34 1 31 32 35 33 32 34 33 
0 34 2 36 51 57 52 43 39 36 
0 34 3 35 52 63 58 44 36 33 
0 35 0 37 37 33 32 31 32 31 
0 35 1 38 40 37 36 37 37 35 
0 35 2 34 43 49 49 43 38 36 
0 35 3 33 45 53 48 42 39 34 
0 36 0 43 55 56 53 45 36 32 
0 36 1 38 47 49 47 44 39 36 
0 36 2 35 37 38 40 38 35 34 
0 36 3 36 38 40 38 34 32 33 
0 37 0 24 29 34 36 35 31 32 
0 37 1 34 35 36 34 32 30 29 
0 37 2 29 38 49 51 47 41 36 
0 37 3 28 33 39 39 37 35 35 
0 38 0 31 48 55 51 43 35 30 
0 38 1 37 43 46 42 39 37 35 
0 38 2 32 36 40 38 35 30 32 
0 38 3 31 32 36 33 31 31 31 
0 39 0 37 38 38 37 35 33 31 
0 39 1 37 42 47 47 42 38 35 
0 39 2 30 31 38 39 38 36 37 
0 39 3 37 45 52 49 45 35 32 
0 40 0 27 30 34 35 34 33 31 
0 40 1 31 31 30 30 31 33 33 
0 40 2 31 48 69 65 51 41 36 
0 40 3 36 51 67 65 55 47 40 
0 41 0 27 29 31 31 32 33 30 
0 41 1 34 31 31 33 35 34 30 
0 41 2 35 40 43 44 41 36 31 
0 41 3 33 42 43 36 31 31 32 
0 42 0 34 35 37 37 37 34 31 
0 42 1 35 36 44 49 43 37 33 
0 42 2 34 43 52 50 44 37 33 
0 42 3 41 58 65 57 46 39 34 
0 43 0 33 37 42 39 36 34 33 
0 43 1 41 44 50 48 42 39 40 
0 43 2 31 31 36 36 33 30 25 
0 43 3 31 32 33 33 33 35 36 
0 44 0 30 34 39 39 37 33 30 
0 44 1 36 45 52 49 43 36 36 
0 44 2 33 30 28 31 35 36 35 
0 44 3 33 36 34 35 33 32 34 
0 45 0 38 74 100 89 61 42 36 
0 45 1 35 54 74 70 59 47 38 
0 45 2 32 32 39 42 37 33 32 
0 45 3 32 33 35 34 32 32 33 
0 46 0 31 31 36 37 31 29 31 
0 46 1 41 40 38 38 35 36 35 
0 46 2 33 39 47 46 42 37 33 
0 46 3 31 34 43 42 40 38 34 
0 47 0 35 34 38 37 37 35 33 
0 47 1 36 37 42 43 39 37 36 
0 47 2 30 42 71 79 68 55 45 
0 47 3 37 73 129 133 100 67 48 
0 48 0 36 41 41 39 36 33 33 
0 48 1 36 36 39 38 35 34 35 
0 48 2 31 41 48 46 40 36 33 
0 48 3 36 36 35 34 31 28 30 
0 49 0 36 36 35 31 29 27 31 
0 49 1 36 36 37 36 34 32 35 
0 49 2 36 45 53 49 44 39 36 
0 49 3 39 41 44 39 36 33 34 
0 50 0 29 27 26 27 29 29 28 
0 50 1 34 34 31 31 32 31 28 
0 50 2 32 43 55 56 46 40 37 
0 50 3 32 41 42 34 30 28 28 
0 51 0 33 41 44 45 47 43 37 
0 51 1 31 39 43 50 54 48 40 
0 51 2 26 28 29 30 31 28 28 
0 51 3 25 26 28 31 35 31 30 
0 52 0 26 27 31 33 33 32 31 
0 52 1 28 29 31 30 28 30 30 
0 52 2 33 39 45 41 36 31 31 
0 52 3 27 39 50 48 43 36 34 
0 53 0 27 25 25 26 27 30 29 
0 53 1 27 30 31 31 30 31 29 
0 53 2 34 38 47 47 44 42 37 
0 53 3 29 33 45 47 41 36 33 
0 54 0 31 32 33 34 33 33 31 
0 54 1 36 36 35 36 38 33 31 
0 54 2 31 34 40 46 46 40 37 
0 54 3 33 37 42 46 42 39 36 
0 55 0 35 50 58 53 42 36 32 
0 55 1 36 46 50 45 37 34 32 
0 55 2 35 47 59 54 43 37 36 
0 55 3 31 35 39 37 35 32 29 
0 56 0 35 36 35 35 34 37 38 
0 56 1 34 37 35 37 36 37 40 
0 56 2 36 42 45 43 37 34 34 
0 56 3 41 50 48 44 41 38 36 
0 57 0 34 34 33 32 32 33 32 
0 57 1 35 33 34 33 34 36 32 
0 57 2 34 48 58 54 46 37 32 
0 57 3 37 49 58 53 44 37 33 
0 58 0 33 32 30 30 31 33 31 
0 58 1 30 26 30 31 32 31 33 
0 58 2 31 43 48 44 36 31 31 
0 58 3 34 39 42 38 33 31 34 
0 59 0 31 36 41 38 30 30 32 
0 59 1 37 38 38 38 35 35 33 
0 59 2 31 43 43 39 33 34 36 
0 59 3 35 39 44 44 41 38 37 
0 60 0 34 39 40 38 32 31 31 
0 60 1 37 33 31 32 36 35 33 
0 60 2 31 32 35 34 32 31 31 
0 60 3 40 40 42 41 37 38 35 
0 61 0 27 29 31 30 30 27 28 
0 61 1 28 27 28 28 29 28 27 
0 61 2 31 38 45 43 38 35 34 
0 61 3 37 46 49 43 38 35 32 
0 62 0 48 121 178 158 110 72 51 
0 62 1 44 88 127 115 79 53 40 
0 62 2 43 53 53 52 46 40 35 
0 62 3 37 44 49 45 40 37 35 
0 63 0 31 31 29 30 31 31 31 
0 63 1 31 31 31 31 31 31 31 
0 63 2 42 57 59 51 43 38 33 
0 63 3 36 47 57 54 46 38 36 