1 0 0 27 33 38 39 35 35 32 
1 0 1 34 38 41 41 40 37 32 
1 0 2 34 36 39 44 41 37 34 
1 0 3 32 36 45 48 46 43 35 
1 1 0 33 35 35 35 35 34 32 
1 1 1 34 30 31 31 31 32 35 
1 1 2 35 46 63 67 58 47 41 
1 1 3 34 43 55 56 49 44 38 
1 2 0 35 40 45 40 39 37 34 
1 2 1 34 39 39 38 34 33 38 
1 2 2 36 39 46 47 41 37 36 
1 2 3 39 39 42 43 40 37 35 
1 3 0 32 37 44 44 39 35 31 
1 3 1 31 36 43 43 40 35 31 
1 3 2 35 36 41 40 38 36 33 
1 3 3 35 40 46 45 40 37 39 
1 4 0 35 42 43 42 36 32 29 
1 4 1 32 40 44 43 34 30 31 
1 4 2 31 35 41 42 37 30 30 
1 4 3 35 39 39 41 41 37 37 
1 5 0 31 40 51 65 74 66 52 
1 5 1 28 37 46 56 61 55 48 
1 5 2 31 31 32 34 32 31 33 
1 5 3 26 31 34 34 34 31 31 
1 6 0 31 44 51 43 34 29 29 
1 6 1 43 61 65 56 42 35 35 
1 6 2 31 30 31 32 31 30 31 
1 6 3 33 34 35 33 32 34 34 
1 7 0 35 34 31 32 31 34 39 
1 7 1 37 39 37 34 33 33 31 
1 7 2 35 45 53 55 46 36 31 
1 7 3 34 35 35 35 35 37 34 
1 8 0 27 28 27 27 27 30 30 
1 8 1 32 36 33 31 31 33 34 
1 8 2 34 44 51 46 42 40 35 
1 8 3 32 36 38 35 34 34 32 
1 9 0 37 45 48 44 38 31 31 
1 9 1 36 39 42 40 38 34 34 
1 9 2 34 37 35 31 29 33 36 
1 9 3 27 31 31 32 32 34 32 
1 10 0 31 29 31 32 33 32 31 
1 10 1 35 31 31 31 34 33 34 
1 10 2 34 50 57 52 45 39 32 
1 10 3 36 40 50 52 48 45 38 
1 11 0 33 34 34 36 35 32 32 
1 11 1 33 35 38 38 40 39 37 
1 11 2 36 45 47 42 36 35 35 
1 11 3 35 40 44 43 41 40 37 
1 12 0 22 26 29 28 27 27 30 
1 12 1 36 37 36 36 35 32 33 
1 12 2 30 38 47 47 41 35 31 
1 12 3 33 37 45 43 36 33 32 
1 13 0 31 38 51 52 44 36 32 
1 13 1 35 49 67 65 49 40 32 
1 13 2 33 32 35 38 35 36 34 
1 13 3 33 37 44 44 35 31 30 
1 14 0 31 38 50 47 41 39 36 
1 14 1 34 36 41 41 38 35 34 
1 14 2 29 30 34 31 29 30 29 
1 14 3 34 36 33 31 36 37 34 
1 15 0 34 33 29 30 31 30 30 
1 15 1 38 37 37 39 41 43 41 
1 15 2 31 37 49 51 41 33 30 
1 15 3 26 32 41 41 36 33 31 
1 16 0 30 29 32 33 33 35 33 
1 16 1 31 28 30 32 31 31 31 
1 16 2 31 41 45 45 44 40 33 
1 16 3 34 36 38 35 33 35 35 
1 17 0 30 31 34 35 31 32 31 
1 17 1 34 34 33 32 31 30 30 
1 17 2 39 51 55 47 40 37 38 
1 17 3 35 44 50 43 38 38 36 
1 18 0 30 30 31 29 28 31 32 
1 18 1 31 32 33 29 29 34 31 
1 18 2 39 47 51 46 36 32 34 
1 18 3 27 39 47 46 42 36 34 
1 19 0 34 31 34 37 34 34 34 
1 19 1 33 33 33 33 35 35 36 
1 19 2 33 47 58 60 50 41 38 
1 19 3 36 53 59 56 49 42 40 
1 20 0 37 48 50 42 35 31 29 
1 20 1 39 46 48 45 42 36 31 
1 20 2 36 46 50 45 41 36 36 
1 20 3 39 47 51 49 41 36 34 
1 21 0 28 26 25 28 30 28 27 
1 21 1 30 32 33 34 35 35 38 
1 21 2 35 45 50 47 40 35 32 
1 21 3 35 42 46 43 38 38 36 
1 22 0 38 47 59 71 68 55 43 
1 22 1 35 37 47 60 59 54 47 
1 22 2 40 49 51 45 36 35 33 
1 22 3 37 47 48 43 40 34 31 
1 23 0 32 40 40 38 35 31 33 
1 23 1 38 40 44 45 39 35 35 
1 23 2 33 33 31 30 26 26 28 
1 23 3 40 41 38 34 32 28 26 
1 24 0 31 32 28 27 30 31 33 
1 24 1 31 29 32 35 33 31 32 
1 24 2 32 34 46 53 47 40 35 
1 24 3 32 35 42 47 43 40 35 
1 25 0 31 32 32 32 32 32 33 
1 25 1 35 37 39 41 41 35 30 
1 25 2 31 32 38 43 41 34 31 
1 25 3 31 36 48 49 43 36 35 
1 26 0 34 35 35 31 31 33 33 
1 26 1 32 33 35 32 32 34 36 
1 26 2 29 30 40 46 45 41 40 
1 26 3 33 48 70 71 58 46 38 
1 27 0 35 32 32 34 33 33 32 
1 27 1 35 36 37 38 38 39 35 
1 27 2 33 39 48 56 50 41 34 
1 27 3 34 37 44 50 49 46 41 
1 28 0 35 36 35 36 38 36 38 
1 28 1 34 34 34 34 34 34 34 
1 28 2 30 36 56 68 65 54 43 
1 28 3 37 41 53 57 48 38 34 
1 29 0 36 37 37 32 30 27 27 
1 29 1 39 41 43 38 35 32 29 
1 29 2 31 37 45 49 45 43 37 
1 29 3 33 41 58 64 52 43 38 
1 30 0 29 33 35 38 39 36 31 
1 30 1 38 41 39 39 39 38 36 
1 30 2 30 35 50 57 49 41 37 
1 30 3 35 42 48 52 46 42 41 
1 31 0 37 39 47 48 41 38 36 
1 31 1 30 34 44 45 44 39 39 
1 31 2 31 36 50 54 50 43 36 
1 31 3 34 35 47 49 47 44 39 
1 32 0 30 30 29 29 30 30 30 
1 32 1 36 37 36 34 31 31 33 
1 32 2 33 34 43 47 40 37 37 
1 32 3 35 43 53 52 46 40 38 
1 33 0 31 38 43 39 35 31 30 
1 33 1 32 38 53 53 43 34 31 
1 33 2 33 37 36 35 35 35 35 
1 33 3 31 29 30 29 25 27 28 
1 34 0 34 39 46 47 43 40 38 
1 34 1 31 38 54 61 56 41 37 
1 34 2 30 32 33 31 29 26 23 
1 34 3 27 30 34 39 36 34 33 
1 35 0 29 31 31 33 32 31 29 
1 35 1 34 35 36 38 40 38 34 
1 35 2 32 34 39 39 34 33 31 
1 35 3 37 40 44 40 38 35 33 
1 36 0 33 43 57 62 54 46 42 
1 36 1 35 46 63 68 58 45 39 
1 36 2 29 31 32 30 31 32 32 
1 36 3 31 37 42 44 38 33 33 
1 37 0 35 35 31 31 32 32 29 
1 37 1 27 28 30 31 33 33 31 
1 37 2 34 49 58 49 41 34 32 
1 37 3 30 38 43 40 36 32 29 
1 38 0 35 31 29 31 33 31 29 
1 38 1 31 33 34 31 29 28 24 
1 38 2 31 45 56 51 41 34 35 
1 38 3 31 39 48 49 44 38 34 
1 39 0 34 34 35 34 36 38 34 
1 39 1 30 31 28 26 28 29 31 
1 39 2 29 37 49 49 41 35 33 
1 39 3 30 44 53 49 41 34 34 
1 40 0 33 36 38 38 34 33 35 
1 40 1 33 36 37 37 35 37 34 
1 40 2 41 47 52 48 45 40 34 
1 40 3 29 32 41 40 35 33 33 
1 41 0 31 34 41 43 39 34 30 
1 41 1 33 38 45 42 38 33 31 
1 41 2 34 36 38 37 34 30 32 
1 41 3 33 39 47 43 37 33 31 
1 42 0 37 35 32 35 39 38 32 
1 42 1 39 37 35 39 38 37 36 
1 42 2 30 31 38 41 33 30 30 
1 42 3 39 50 60 58 51 45 35 
1 43 0 31 38 41 38 35 30 27 
1 43 1 37 52 63 60 53 43 38 
1 43 2 32 35 38 36 33 30 28 
1 43 3 35 45 50 44 39 35 36 
1 44 0 32 31 31 30 31 29 27 
1 44 1 33 32 33 36 37 32 30 
1 44 2 35 49 70 71 59 47 41 
1 44 3 36 48 63 60 47 37 33 
1 45 0 25 30 32 32 29 29 29 
1 45 1 34 38 40 41 37 38 41 
1 45 2 33 36 37 36 33 28 31 
1 45 3 30 35 44 49 48 45 40 
1 46 0 28 30 35 37 35 36 35 
1 46 1 33 31 30 33 34 36 42 
1 46 2 31 39 45 49 43 36 35 
1 46 3 31 36 39 43 38 35 37 
1 47 0 31 35 41 42 38 37 33 
1 47 1 39 41 50 50 40 35 33 
1 47 2 35 40 49 48 41 38 33 
1 47 3 32 39 58 60 52 41 35 
1 48 0 32 37 45 44 37 37 36 
1 48 1 37 44 51 52 47 40 35 
1 48 2 29 29 27 27 26 26 23 
1 48 3 31 32 32 31 31 30 32 
1 49 0 31 35 40 36 33 32 32 
1 49 1 32 33 31 34 38 36 31 
1 49 2 35 43 54 61 57 48 41 
1 49 3 37 38 43 46 41 35 33 
1 50 0 36 40 41 36 30 29 31 
1 50 1 36 42 45 44 40 37 36 
1 50 2 32 39 44 44 43 42 39 
1 50 3 33 37 40 36 34 35 33 
1 51 0 32 31 29 31 34 38 39 
1 51 1 36 34 33 34 37 34 34 
1 51 2 31 36 41 44 44 44 41 
1 51 3 34 37 39 37 36 34 32 
1 52 0 28 28 29 33 31 32 33 
1 52 1 32 33 33 34 36 38 37 
1 52 2 39 41 46 48 42 37 35 
1 52 3 40 58 71 63 50 41 36 
1 53 0 33 31 31 29 26 24 24 
1 53 1 28 29 32 36 37 36 34 
1 53 2 33 49 58 53 44 34 33 
1 53 3 28 33 40 44 44 40 36 
1 54 0 31 33 38 39 40 37 35 
1 54 1 31 31 36 38 38 36 35 
1 54 2 29 35 44 48 43 39 40 
1 54 3 33 45 50 49 44 41 39 
1 55 0 29 29 29 28 31 33 36 
1 55 1 30 28 28 31 31 31 31 
1 55 2 34 38 45 47 45 42 39 
1 55 3 36 39 47 44 40 40 32 
1 56 0 33 31 32 31 30 32 29 
1 56 1 35 35 35 37 38 35 33 
1 56 2 32 31 30 29 31 32 33 
1 56 3 42 62 70 59 47 38 33 
1 57 0 29 30 33 37 36 36 37 
1 57 1 31 31 31 29 30 30 30 
1 57 2 33 43 45 39 34 32 34 
1 57 3 42 47 51 46 41 36 36 
1 58 0 31 38 43 40 34 27 27 
1 58 1 40 52 54 49 42 35 33 
1 58 2 31 31 34 35 34 33 30 
1 58 3 32 38 42 40 38 37 32 
1 59 0 27 27 31 33 29 28 28 
1 59 1 26 22 24 27 27 30 27 
1 59 2 35 48 56 50 41 33 29 
1 59 3 32 38 47 47 43 39 36 
1 60 0 32 33 35 33 33 33 31 
1 60 1 34 32 31 32 32 34 35 
1 60 2 31 37 46 49 41 35 34 
1 60 3 31 42 51 52 46 38 34 
1 61 0 31 35 38 37 35 32 28 
1 61 1 32 35 40 39 34 33 31 
1 61 2 29 30 30 29 28 29 28 
1 61 3 27 30 37 39 37 35 31 
1 62 0 27 26 26 27 28 31 34 
1 62 1 29 31 35 34 33 33 32 
1 62 2 33 34 41 45 43 40 35 
1 62 3 38 51 62 59 51 46 42 
1 63 0 29 30 32 35 33 35 33 
1 63 1 35 34 35 37 34 34 33 
1 63 2 33 36 34 32 33 31 31 
1 63 3 28 31 36 36 31 30 31 