0 00 1.03383 0.96617 1.33198 0.668015 
0 01 0.910135 1.08986 0.647258 1.35274 
0 02 0 0 0 0 
0 03 0.881439 1.11856 0.851013 1.14899 
0 04 1.09064 0.909357 1.09161 0.90839 
0 05 0.974152 1.02585 0.887765 1.11223 
0 06 0.910944 1.08906 0.983257 1.01674 
0 07 1.02827 0.971727 1.00337 0.996631 
0 08 1.07991 0.920094 0.818361 1.18164 
0 09 0.750107 1.24989 0.632484 1.36752 
0 10 1.15106 0.848942 0.932115 1.06788 
0 11 0.913239 1.08676 1.03455 0.965449 
0 12 1.04469 0.955315 0.986912 1.01309 
0 13 0.888465 1.11154 1.06354 0.936458 
0 14 0.963303 1.0367 1.39097 0.609032 
0 15 0.866129 1.13387 1.01968 0.980318 
0 16 0 2 0.862432 1.13757 
0 17 1.11244 0.887558 0.68528 1.31472 
0 18 1.16601 0.833993 0.814776 1.18522 
0 19 1.18815 0.811847 1.06719 0.932813 
0 20 1.07205 0.927948 1.0181 0.981896 
0 21 0.981197 1.0188 1.11201 0.887993 
0 22 1.14539 0.854611 1.146 0.854005 
0 23 0.902404 1.0976 0.997123 1.00288 
0 24 1.08418 0.915825 0.756261 1.24374 
0 25 1.02123 0.978775 0.898939 1.10106 
0 26 0.912706 1.08729 0.985175 1.01482 
0 27 1.2902 0.709801 0.714328 1.28567 
0 28 2 0 0.805964 1.19404 
0 29 1.06221 0.937795 1.08584 0.914165 
0 30 1.00247 0.997529 2 0 
0 31 1.2952 0.704804 1.05211 0.947889 
0 32 1.05397 0.946026 1.08819 0.911813 
0 33 1.95586 0.044136 1.08693 0.913066 
0 34 1.06767 0.93233 0.909587 1.09041 
0 35 1.02689 0.973107 0.900965 1.09903 
0 36 1.2865 0.713504 1.03317 0.96683 
0 37 0.878684 1.12132 0.914285 1.08571 
0 38 1.07752 0.922482 0.852032 1.14797 
0 39 0.964276 1.03572 0.679599 1.3204 
0 40 1.27306 0.726939 0.693379 1.30662 
0 41 1.09864 0.901364 0.991917 1.00808 
0 42 1.0549 0.945099 1.17983 0.820173 
0 43 1.01174 0.988265 0.973666 1.02633 
0 44 0.831408 1.16859 1.02961 0.970392 
0 45 1.00682 0.993184 0.902064 1.09794 
0 46 0.985754 1.01425 1.1372 0.862796 
0 47 0.923506 1.07649 0.796535 1.20347 
0 48 1.14492 0.855082 0.973854 1.02615 
0 49 1.05028 0.949724 0.994395 1.00561 
0 50 1.13066 0.869341 1.11009 0.88991 
0 51 1.01829 0.98171 0.930526 1.06947 
0 52 2 -2.99871e-16 0 2 
0 53 0.966214 1.03379 0.940981 1.05902 
0 54 0 0 0 2 
0 55 0.903394 1.09661 1.14914 0.850863 
0 56 1.15315 0.846848 1.05705 0.942947 
0 57 1.01734 0.982664 0.668303 1.3317 
0 58 1.10722 0.892777 0.777753 1.22225 
0 59 1.00266 0.997337 1.02278 0.977221 
0 60 2 0 1.20097 0.799031 
0 61 0.946654 1.05335 0.922512 1.07749 
0 62 1.30794 0.692064 0.89065 1.10935 
0 63 1.01041 0.989591 0.775346 1.22465 
1 00 0.990063 1.00994 1.18864 0.811361 
1 01 0.976424 1.02358 1.09246 0.907535 
1 02 0.967834 1.03217 1.05407 0.945926 
1 03 1.28143 0.718571 0.993309 1.00669 
1 04 1.16378 0.836224 0.975941 1.02406 
1 05 0.85122 1.14878 1.10999 0.890013 
1 06 1.22262 0.777378 1.00998 0.990022 
1 07 0 2 0.906148 1.09385 
1 08 0.86342 1.13658 0.861901 1.1381 
1 09 1.09672 0.903278 0.884317 1.11568 
1 10 1.11309 0.886914 1.27709 0.722906 
1 11 1.21524 0.784757 0.921748 1.07825 
1 12 0.910198 1.0898 0.862224 1.13778 
1 13 0.841791 1.15821 1.09059 0.909411 
1 14 1.01819 0.981811 0.995887 1.00411 
1 15 1.12292 0.877079 1.06643 0.933571 
1 16 1.1329 0.867097 1.0624 0.937604 
1 17 1.02383 0.976174 0.940394 1.05961 
1 18 1.04393 0.956073 1.25387 0.74613 
1 19 0.906579 1.09342 0.898928 1.10107 
1 20 1.18588 0.81412 1.04804 0.951957 
1 21 0.941841 1.05816 1.08035 0.919646 
1 22 1.09241 0.907587 1.25999 0.740007 
1 23 1.10796 0.892035 0.963937 1.03606 
1 24 1.18332 0.81668 1.13912 0.860879 
1 25 1.22459 0.775415 1.08192 0.918082 
1 26 1.05167 0.948327 0.937705 1.06229 
1 27 0.949767 1.05023 1.0543 0.945701 
1 28 2 0 0.966751 1.03325 
1 29 0.9775 1.0225 0.83286 1.16714 
1 30 1.21249 0.787506 0.993538 1.00646 
1 31 1.02548 0.974523 0.923929 1.07607 
1 32 1.1044 0.895601 1.10576 0.894242 
1 33 1.0197 0.980299 1.08629 0.913707 
1 34 1.03333 0.966669 0.964298 1.0357 
1 35 1.11021 0.889792 1.01565 0.984347 
1 36 0.99263 1.00737 0.962436 1.03756 
1 37 1.07261 0.927395 1.00301 0.996989 
1 38 0.823245 1.17676 0.981028 1.01897 
1 39 0.686716 1.31328 0.966 1.034 
1 40 1.18048 0.819517 0.957769 1.04223 
1 41 0.885028 1.11497 0.920303 1.0797 
1 42 1.17061 0.82939 0.771882 1.22812 
1 43 1.03228 0.967724 1.10856 0.891443 
1 44 1.05935 0.940645 1.09276 0.907244 
1 45 0.94044 1.05956 0.891141 1.10886 
1 46 1.05137 0.948632 1.27574 0.72426 
1 47 1.10136 0.898638 0.937878 1.06212 
1 48 0.927752 1.07225 1.0054 0.994598 
1 49 1.05802 0.941978 0.985827 1.01417 
1 50 1.20304 0.79696 0.974881 1.02512 
1 51 0.936901 1.0631 0.564359 1.43564 
1 52 1.0677 0.932298 0.769186 1.23081 
1 53 0.828162 1.17184 1.07867 0.921327 
1 54 1.05743 0.942572 0.936678 1.06332 
1 55 0.908105 1.09189 0.778359 1.22164 
1 56 0.929959 1.07004 0 2 
1 57 0.893409 1.10659 1.13441 0.86559 
1 58 0.296552 1.70345 1.1341 0.865902 
1 59 1.24045 0.759553 0.344583 1.65542 
1 60 0.941402 1.0586 0.866041 1.13396 
1 61 1.08311 0.916892 0 2 
1 62 1.02675 0.973251 1.03991 0.960089 
1 63 1.26483 0.735173 0.872661 1.12734 
