0 00  0 0    -58.000000  -311.000000  511.000000  432.000000  46.000000  36.000000  -2.000000
0 00  1 0    -52.000000  -352.000000  511.000000  432.000000  124.000000  24.000000  -27.000000
0 00  2 0    -15.000000  -262.000000  276.000000  511.000000  142.000000  81.000000  -28.000000
0 00  3 0    -33.000000  -256.000000  422.000000  511.000000  66.000000  60.000000  31.000000
0 01  0 0    -108.000000  -171.000000  511.000000  339.000000  25.000000  19.000000  8.000000
0 01  1 0    -81.000000  -242.000000  511.000000  402.000000  32.000000  28.000000  -16.000000
0 01  2 0    -49.000000  -337.000000  511.000000  446.000000  42.000000  29.000000  -7.000000
0 01  3 0    -87.000000  -246.000000  511.000000  399.000000  85.000000  57.000000  -39.000000
0 02  0 0    0.000000  0.000000  0.000000  0.000000  0.000000  0.000000  0.000000
0 02  1 0    0.000000  0.000000  0.000000  0.000000  0.000000  0.000000  0.000000
0 02  2 0    0.000000  0.000000  0.000000  0.000000  0.000000  0.000000  0.000000
0 02  3 0    0.000000  0.000000  0.000000  0.000000  0.000000  0.000000  0.000000
0 03  0 0    -131.000000  -69.000000  511.000000  162.000000  57.000000  -15.000000  16.000000
0 03  1 0    -168.000000  -99.000000  511.000000  312.000000  20.000000  32.000000  -2.000000
0 03  2 0    -20.000000  -266.000000  511.000000  348.000000  46.000000  17.000000  18.000000
0 03  3 0    -125.000000  -118.000000  511.000000  301.000000  47.000000  42.000000  -32.000000
0 04  0 0    -112.000000  -152.000000  511.000000  266.000000  24.000000  33.000000  5.000000
0 04  1 0    -117.000000  -144.000000  511.000000  248.000000  33.000000  1.000000  0.000000
0 04  2 0    -79.000000  -225.000000  382.000000  511.000000  45.000000  87.000000  -3.000000
0 04  3 0    -44.000000  -260.000000  511.000000  395.000000  131.000000  7.000000  13.000000
0 05  0 0    -116.000000  -146.000000  511.000000  303.000000  29.000000  32.000000  -1.000000
0 05  1 0    -204.000000  57.000000  511.000000  185.000000  50.000000  8.000000  19.000000
0 05  2 0    -42.000000  -305.000000  511.000000  455.000000  50.000000  29.000000  26.000000
0 05  3 0    -86.000000  -261.000000  511.000000  363.000000  58.000000  83.000000  -39.000000
0 06  0 0    -185.000000  15.000000  511.000000  192.000000  23.000000  21.000000  5.000000
0 06  1 0    -187.000000  8.000000  511.000000  186.000000  37.000000  3.000000  34.000000
0 06  2 0    -125.000000  -104.000000  511.000000  279.000000  22.000000  14.000000  34.000000
0 06  3 0    -166.000000  -4.000000  511.000000  196.000000  38.000000  16.000000  18.000000
0 07  0 0    -173.000000  3.000000  511.000000  177.000000  47.000000  1.000000  16.000000
0 07  1 0    -173.000000  22.000000  511.000000  159.000000  51.000000  14.000000  19.000000
0 07  2 0    -122.000000  -57.000000  511.000000  262.000000  57.000000  30.000000  3.000000
0 07  3 0    -183.000000  42.000000  511.000000  178.000000  78.000000  -13.000000  21.000000
0 08  0 0    -146.000000  -61.000000  511.000000  205.000000  -24.000000  22.000000  20.000000
0 08  1 0    -171.000000  -54.000000  511.000000  133.000000  9.000000  -11.000000  -7.000000
0 08  2 0    -7.000000  -147.000000  511.000000  141.000000  62.000000  -5.000000  101.000000
0 08  3 0    -142.000000  -21.000000  511.000000  124.000000  40.000000  -12.000000  30.000000
0 09  0 0    -227.000000  105.000000  511.000000  129.000000  14.000000  16.000000  17.000000
0 09  1 0    -223.000000  69.000000  511.000000  151.000000  42.000000  -10.000000  30.000000
0 09  2 0    44.000000  -110.000000  511.000000  120.000000  0.000000  85.000000  167.000000
0 09  3 0    55.000000  -253.000000  107.000000  511.000000  134.000000  30.000000  12.000000
0 10  0 0    33.000000  -261.000000  141.000000  511.000000  163.000000  18.000000  16.000000
0 10  1 0    47.000000  -271.000000  137.000000  511.000000  187.000000  10.000000  36.000000
0 10  2 0    -109.000000  -47.000000  511.000000  243.000000  -36.000000  48.000000  96.000000
0 10  3 0    -169.000000  38.000000  511.000000  150.000000  21.000000  21.000000  2.000000
0 11  0 0    82.000000  -361.000000  241.000000  511.000000  136.000000  -4.000000  38.000000
0 11  1 0    69.000000  -320.000000  172.000000  511.000000  129.000000  41.000000  7.000000
0 11  2 0    -196.000000  15.000000  511.000000  201.000000  25.000000  37.000000  -14.000000
0 11  3 0    66.000000  -303.000000  185.000000  511.000000  139.000000  39.000000  4.000000
0 12  0 0    -103.000000  -178.000000  511.000000  280.000000  75.000000  -11.000000  19.000000
0 12  1 0    -69.000000  -229.000000  511.000000  326.000000  77.000000  -7.000000  12.000000
0 12  2 0    1.000000  -292.000000  291.000000  511.000000  98.000000  43.000000  -11.000000
0 12  3 0    -13.000000  -300.000000  419.000000  511.000000  108.000000  52.000000  5.000000
0 13  0 0    -78.000000  -163.000000  511.000000  212.000000  69.000000  -8.000000  14.000000
0 13  1 0    -61.000000  -218.000000  511.000000  338.000000  57.000000  15.000000  19.000000
0 13  2 0    -19.000000  -338.000000  430.000000  511.000000  58.000000  19.000000  26.000000
0 13  3 0    -48.000000  -243.000000  511.000000  386.000000  69.000000  15.000000  24.000000
0 14  0 0    -119.000000  -119.000000  511.000000  240.000000  50.000000  -5.000000  15.000000
0 14  1 0    -120.000000  -112.000000  511.000000  287.000000  41.000000  -1.000000  20.000000
0 14  2 0    -66.000000  -272.000000  509.000000  511.000000  114.000000  15.000000  0.000000
0 14  3 0    -144.000000  -155.000000  511.000000  327.000000  68.000000  7.000000  27.000000
0 15  0 0    -156.000000  -57.000000  511.000000  209.000000  64.000000  -17.000000  4.000000
0 15  1 0    -148.000000  -67.000000  511.000000  223.000000  73.000000  -8.000000  -1.000000
0 15  2 0    -115.000000  -243.000000  511.000000  421.000000  118.000000  -8.000000  -22.000000
0 15  3 0    -165.000000  -158.000000  511.000000  307.000000  35.000000  24.000000  -49.000000
0 16  0 0    0.000000  0.000000  0.000000  0.000000  0.000000  0.000000  0.000000
0 16  1 0    -397.000000  428.000000  511.000000  162.000000  39.000000  -23.000000  -20.000000
0 16  2 0    -188.000000  96.000000  511.000000  89.000000  60.000000  46.000000  9.000000
0 16  3 0    -251.000000  253.000000  511.000000  149.000000  74.000000  -13.000000  26.000000
0 17  0 0    -296.000000  291.000000  511.000000  83.000000  43.000000  0.000000  19.000000
0 17  1 0    -222.000000  105.000000  511.000000  147.000000  22.000000  10.000000  5.000000
0 17  2 0    -22.000000  -29.000000  511.000000  40.000000  80.000000  57.000000  128.000000
0 17  3 0    -209.000000  157.000000  511.000000  63.000000  52.000000  17.000000  -15.000000
0 18  0 0    -285.000000  511.000000  385.000000  56.000000  48.000000  10.000000  -5.000000
0 18  1 0    -332.000000  511.000000  462.000000  92.000000  54.000000  -26.000000  13.000000
0 18  2 0    -283.000000  234.000000  511.000000  72.000000  14.000000  32.000000  56.000000
0 18  3 0    -299.000000  322.000000  511.000000  82.000000  12.000000  1.000000  32.000000
0 19  0 0    -249.000000  511.000000  293.000000  57.000000  18.000000  -11.000000  2.000000
0 19  1 0    -308.000000  511.000000  329.000000  51.000000  30.000000  -17.000000  -8.000000
0 19  2 0    -254.000000  353.000000  511.000000  88.000000  44.000000  31.000000  39.000000
0 19  3 0    -308.000000  391.000000  511.000000  105.000000  68.000000  0.000000  -1.000000
0 20  0 0    -215.000000  511.000000  231.000000  18.000000  41.000000  -19.000000  6.000000
0 20  1 0    -237.000000  511.000000  248.000000  29.000000  11.000000  9.000000  -8.000000
0 20  2 0    -270.000000  343.000000  511.000000  104.000000  20.000000  15.000000  157.000000
0 20  3 0    -313.000000  439.000000  511.000000  103.000000  10.000000  10.000000  13.000000
0 21  0 0    -192.000000  511.000000  261.000000  47.000000  12.000000  30.000000  -19.000000
0 21  1 0    -215.000000  511.000000  247.000000  31.000000  13.000000  17.000000  6.000000
0 21  2 0    -359.000000  490.000000  511.000000  111.000000  22.000000  13.000000  16.000000
0 21  3 0    -325.000000  511.000000  477.000000  41.000000  26.000000  20.000000  16.000000
0 22  0 0    -206.000000  62.000000  511.000000  180.000000  62.000000  -14.000000  10.000000
0 22  1 0    -185.000000  18.000000  511.000000  214.000000  47.000000  -6.000000  22.000000
0 22  2 0    -225.000000  511.000000  383.000000  54.000000  2.000000  20.000000  -8.000000
0 22  3 0    -153.000000  511.000000  294.000000  65.000000  7.000000  -5.000000  -6.000000
0 23  0 0    -216.000000  98.000000  511.000000  192.000000  18.000000  33.000000  -14.000000
0 23  1 0    -149.000000  -32.000000  511.000000  192.000000  28.000000  1.000000  35.000000
0 23  2 0    -263.000000  511.000000  250.000000  71.000000  9.000000  -22.000000  22.000000
0 23  3 0    -199.000000  511.000000  221.000000  29.000000  33.000000  16.000000  -30.000000
0 24  0 0    -212.000000  144.000000  511.000000  110.000000  54.000000  -6.000000  4.000000
0 24  1 0    -225.000000  58.000000  511.000000  141.000000  60.000000  -34.000000  6.000000
0 24  2 0    -149.000000  -29.000000  511.000000  210.000000  48.000000  14.000000  6.000000
0 24  3 0    -177.000000  30.000000  511.000000  228.000000  48.000000  -11.000000  22.000000
0 25  0 0    -258.000000  218.000000  511.000000  136.000000  22.000000  9.000000  9.000000
0 25  1 0    -183.000000  28.000000  511.000000  169.000000  13.000000  -5.000000  21.000000
0 25  2 0    -149.000000  -8.000000  511.000000  220.000000  48.000000  31.000000  -16.000000
0 25  3 0    -209.000000  79.000000  511.000000  214.000000  -26.000000  35.000000  25.000000
0 26  0 0    -262.000000  316.000000  511.000000  139.000000  41.000000  -34.000000  27.000000
0 26  1 0    -259.000000  196.000000  511.000000  124.000000  59.000000  -8.000000  -24.000000
0 26  2 0    -244.000000  94.000000  511.000000  182.000000  21.000000  21.000000  -4.000000
0 26  3 0    -247.000000  138.000000  511.000000  122.000000  26.000000  21.000000  -7.000000
0 27  0 0    -310.000000  347.000000  511.000000  144.000000  38.000000  0.000000  -5.000000
0 27  1 0    -289.000000  306.000000  511.000000  105.000000  46.000000  -13.000000  7.000000
0 27  2 0    -171.000000  -14.000000  511.000000  215.000000  4.000000  40.000000  -24.000000
0 27  3 0    -224.000000  171.000000  511.000000  125.000000  54.000000  -8.000000  21.000000
0 28  0 0    -310.000000  324.000000  511.000000  131.000000  25.000000  -6.000000  5.000000
0 28  1 0    0.000000  0.000000  0.000000  0.000000  0.000000  0.000000  0.000000
0 28  2 0    -220.000000  27.000000  511.000000  207.000000  28.000000  -19.000000  0.000000
0 28  3 0    -175.000000  -38.000000  511.000000  162.000000  33.000000  -5.000000  -4.000000
0 29  0 0    -258.000000  227.000000  511.000000  127.000000  31.000000  4.000000  -7.000000
0 29  1 0    -227.000000  159.000000  511.000000  137.000000  28.000000  6.000000  21.000000
0 29  2 0    -149.000000  -58.000000  511.000000  208.000000  53.000000  -1.000000  19.000000
0 29  3 0    -164.000000  -12.000000  511.000000  135.000000  33.000000  13.000000  6.000000
0 30  0 0    -303.000000  358.000000  511.000000  132.000000  25.000000  6.000000  6.000000
0 30  1 0    -265.000000  228.000000  511.000000  102.000000  41.000000  -6.000000  20.000000
0 30  2 0    -169.000000  0.000000  511.000000  164.000000  46.000000  12.000000  3.000000
0 30  3 0    0.000000  0.000000  0.000000  0.000000  0.000000  0.000000  0.000000
0 31  0 0    -343.000000  477.000000  511.000000  87.000000  23.000000  7.000000  -17.000000
0 31  1 0    -291.000000  362.000000  511.000000  115.000000  2.000000  25.000000  17.000000
0 31  2 0    -227.000000  125.000000  511.000000  153.000000  33.000000  -4.000000  -6.000000
0 31  3 0    -230.000000  201.000000  511.000000  94.000000  10.000000  15.000000  -1.000000
0 32  0 0    -295.000000  511.000000  387.000000  40.000000  39.000000  -16.000000  0.000000
0 32  1 0    -378.000000  511.000000  495.000000  134.000000  24.000000  -23.000000  -13.000000
0 32  2 0    -294.000000  238.000000  511.000000  89.000000  48.000000  -29.000000  -21.000000
0 32  3 0    -259.000000  246.000000  511.000000  81.000000  34.000000  -18.000000  21.000000
0 33  0 0    -354.000000  432.000000  511.000000  38.000000  65.000000  -3.000000  19.000000
0 33  1 0    -276.000000  286.000000  511.000000  106.000000  17.000000  23.000000  8.000000
0 33  2 0    -260.000000  254.000000  511.000000  125.000000  2.000000  46.000000  18.000000
0 33  3 0    -278.000000  371.000000  511.000000  154.000000  67.000000  34.000000  0.000000
0 34  0 0    -297.000000  407.000000  511.000000  103.000000  25.000000  -7.000000  39.000000
0 34  1 0    -295.000000  376.000000  511.000000  141.000000  12.000000  -9.000000  24.000000
0 34  2 0    -195.000000  24.000000  511.000000  169.000000  3.000000  38.000000  -6.000000
0 34  3 0    -238.000000  190.000000  511.000000  81.000000  30.000000  15.000000  4.000000
0 35  0 0    -318.000000  467.000000  511.000000  133.000000  22.000000  -8.000000  25.000000
0 35  1 0    -336.000000  387.000000  511.000000  144.000000  11.000000  12.000000  -11.000000
0 35  2 0    -267.000000  218.000000  511.000000  104.000000  62.000000  -61.000000  17.000000
0 35  3 0    -265.000000  245.000000  511.000000  100.000000  39.000000  12.000000  -3.000000
0 36  0 0    -292.000000  364.000000  511.000000  146.000000  19.000000  24.000000  -15.000000
0 36  1 0    -244.000000  178.000000  511.000000  127.000000  39.000000  1.000000  -9.000000
0 36  2 0    -162.000000  -44.000000  511.000000  266.000000  50.000000  -8.000000  39.000000
0 36  3 0    -161.000000  45.000000  511.000000  128.000000  45.000000  12.000000  22.000000
0 37  0 0    -214.000000  144.000000  511.000000  151.000000  41.000000  -22.000000  38.000000
0 37  1 0    -201.000000  137.000000  511.000000  147.000000  42.000000  5.000000  26.000000
0 37  2 0    -151.000000  -80.000000  511.000000  240.000000  37.000000  29.000000  -31.000000
0 37  3 0    -171.000000  30.000000  511.000000  179.000000  20.000000  38.000000  -15.000000
0 38  0 0    -227.000000  158.000000  511.000000  197.000000  30.000000  25.000000  -8.000000
0 38  1 0    -205.000000  109.000000  511.000000  173.000000  46.000000  11.000000  11.000000
0 38  2 0    -134.000000  -68.000000  511.000000  240.000000  28.000000  22.000000  4.000000
0 38  3 0    -183.000000  -19.000000  511.000000  280.000000  23.000000  22.000000  -6.000000
0 39  0 0    -186.000000  45.000000  511.000000  190.000000  50.000000  -5.000000  -3.000000
0 39  1 0    -153.000000  6.000000  511.000000  194.000000  45.000000  20.000000  8.000000
0 39  2 0    -131.000000  -151.000000  511.000000  398.000000  -2.000000  44.000000  0.000000
0 39  3 0    -153.000000  -42.000000  511.000000  278.000000  42.000000  5.000000  2.000000
0 40  0 0    -337.000000  511.000000  441.000000  50.000000  59.000000  -10.000000  -3.000000
0 40  1 0    -351.000000  442.000000  511.000000  56.000000  3.000000  23.000000  -5.000000
0 40  2 0    -161.000000  119.000000  511.000000  0.000000  1.000000  54.000000  161.000000
0 40  3 0    -302.000000  341.000000  511.000000  120.000000  32.000000  -39.000000  54.000000
0 41  0 0    -68.000000  -204.000000  511.000000  322.000000  42.000000  26.000000  9.000000
0 41  1 0    -34.000000  -260.000000  511.000000  315.000000  34.000000  35.000000  -1.000000
0 41  2 0    -285.000000  321.000000  511.000000  170.000000  84.000000  3.000000  8.000000
0 41  3 0    -317.000000  472.000000  511.000000  179.000000  19.000000  18.000000  -9.000000
0 42  0 0    -122.000000  -81.000000  511.000000  231.000000  34.000000  34.000000  -3.000000
0 42  1 0    -148.000000  -39.000000  511.000000  254.000000  6.000000  26.000000  17.000000
0 42  2 0    -319.000000  511.000000  469.000000  125.000000  -2.000000  30.000000  -4.000000
0 42  3 0    -249.000000  511.000000  337.000000  28.000000  55.000000  4.000000  11.000000
0 43  0 0    -298.000000  511.000000  303.000000  68.000000  13.000000  -3.000000  -7.000000
0 43  1 0    -350.000000  511.000000  396.000000  64.000000  28.000000  -2.000000  17.000000
0 43  2 0    -317.000000  335.000000  511.000000  114.000000  12.000000  39.000000  -3.000000
0 43  3 0    -372.000000  505.000000  511.000000  125.000000  34.000000  -23.000000  31.000000
0 44  0 0    -188.000000  511.000000  217.000000  29.000000  32.000000  2.000000  5.000000
0 44  1 0    -309.000000  511.000000  324.000000  75.000000  24.000000  -23.000000  -15.000000
0 44  2 0    -282.000000  328.000000  511.000000  52.000000  74.000000  -28.000000  26.000000
0 44  3 0    -330.000000  392.000000  511.000000  70.000000  87.000000  2.000000  0.000000
0 45  0 0    -242.000000  511.000000  258.000000  91.000000  0.000000  11.000000  7.000000
0 45  1 0    -323.000000  476.000000  511.000000  97.000000  42.000000  18.000000  21.000000
0 45  2 0    -257.000000  203.000000  511.000000  171.000000  4.000000  19.000000  0.000000
0 45  3 0    -277.000000  313.000000  511.000000  169.000000  4.000000  42.000000  -7.000000
0 46  0 0    -304.000000  511.000000  400.000000  101.000000  10.000000  3.000000  2.000000
0 46  1 0    -369.000000  449.000000  511.000000  120.000000  35.000000  -10.000000  7.000000
0 46  2 0    -252.000000  169.000000  511.000000  154.000000  60.000000  -16.000000  1.000000
0 46  3 0    -229.000000  275.000000  511.000000  131.000000  35.000000  0.000000  -1.000000
0 47  0 0    -282.000000  369.000000  511.000000  52.000000  43.000000  18.000000  5.000000
0 47  1 0    -306.000000  375.000000  511.000000  110.000000  26.000000  0.000000  23.000000
0 47  2 0    -265.000000  167.000000  511.000000  186.000000  54.000000  71.000000  -4.000000
0 47  3 0    -254.000000  186.000000  511.000000  156.000000  30.000000  40.000000  -28.000000
0 48  0 0    -371.000000  484.000000  511.000000  108.000000  -8.000000  28.000000  -21.000000
0 48  1 0    -328.000000  353.000000  511.000000  103.000000  11.000000  41.000000  -36.000000
0 48  2 0    -305.000000  167.000000  511.000000  137.000000  38.000000  -4.000000  -34.000000
0 48  3 0    -258.000000  222.000000  511.000000  195.000000  60.000000  0.000000  1.000000
0 49  0 0    -346.000000  494.000000  511.000000  29.000000  53.000000  -23.000000  33.000000
0 49  1 0    -358.000000  416.000000  511.000000  90.000000  33.000000  -6.000000  24.000000
0 49  2 0    -283.000000  244.000000  511.000000  96.000000  51.000000  10.000000  -10.000000
0 49  3 0    -304.000000  342.000000  511.000000  109.000000  62.000000  -10.000000  9.000000
0 50  0 0    -319.000000  457.000000  511.000000  96.000000  81.000000  -45.000000  20.000000
0 50  1 0    -327.000000  294.000000  511.000000  148.000000  44.000000  -21.000000  19.000000
0 50  2 0    -210.000000  81.000000  511.000000  162.000000  6.000000  16.000000  21.000000
0 50  3 0    -261.000000  227.000000  511.000000  126.000000  37.000000  10.000000  6.000000
0 51  0 0    -367.000000  496.000000  511.000000  98.000000  13.000000  8.000000  -9.000000
0 51  1 0    -343.000000  343.000000  511.000000  114.000000  31.000000  -12.000000  -7.000000
0 51  2 0    -248.000000  147.000000  511.000000  174.000000  32.000000  17.000000  -13.000000
0 51  3 0    -253.000000  270.000000  511.000000  116.000000  47.000000  22.000000  -18.000000
0 52  0 0    -286.000000  211.000000  511.000000  154.000000  56.000000  -18.000000  11.000000
0 52  1 0    -276.000000  165.000000  511.000000  161.000000  69.000000  -19.000000  -3.000000
0 52  2 0    -114.000000  -121.000000  511.000000  305.000000  72.000000  23.000000  3.000000
0 52  3 0    -193.000000  42.000000  511.000000  155.000000  68.000000  -7.000000  14.000000
0 53  0 0    -224.000000  118.000000  511.000000  181.000000  26.000000  -3.000000  14.000000
0 53  1 0    -206.000000  101.000000  511.000000  144.000000  25.000000  25.000000  2.000000
0 53  2 0    -108.000000  -131.000000  511.000000  224.000000  36.000000  4.000000  22.000000
0 53  3 0    -150.000000  -51.000000  511.000000  196.000000  25.000000  49.000000  -4.000000
0 54  0 0    -195.000000  31.000000  511.000000  176.000000  72.000000  -13.000000  6.000000
0 54  1 0    -198.000000  35.000000  511.000000  216.000000  24.000000  12.000000  -4.000000
0 54  2 0    -86.000000  -184.000000  511.000000  263.000000  55.000000  10.000000  18.000000
0 54  3 0    -161.000000  1.000000  511.000000  195.000000  46.000000  0.000000  29.000000
0 55  0 0    -249.000000  182.000000  511.000000  160.000000  29.000000  -11.000000  23.000000
0 55  1 0    -232.000000  117.000000  511.000000  108.000000  48.000000  -2.000000  27.000000
0 55  2 0    -115.000000  -100.000000  511.000000  202.000000  16.000000  9.000000  0.000000
0 55  3 0    -303.000000  91.000000  511.000000  122.000000  -19.000000  9.000000  -68.000000
0 56  0 0    -180.000000  14.000000  511.000000  167.000000  23.000000  6.000000  19.000000
0 56  1 0    -180.000000  511.000000  169.000000  21.000000  8.000000  33.000000  -9.000000
0 56  2 0    -274.000000  511.000000  323.000000  89.000000  0.000000  27.000000  -19.000000
0 56  3 0    -199.000000  511.000000  229.000000  41.000000  30.000000  5.000000  2.000000
0 57  0 0    -364.000000  501.000000  511.000000  83.000000  25.000000  32.000000  -12.000000
0 57  1 0    -351.000000  511.000000  510.000000  49.000000  45.000000  17.000000  -12.000000
0 57  2 0    -260.000000  198.000000  511.000000  103.000000  -4.000000  18.000000  -4.000000
0 57  3 0    -296.000000  363.000000  511.000000  102.000000  27.000000  39.000000  6.000000
0 58  0 0    -274.000000  511.000000  332.000000  69.000000  17.000000  -3.000000  28.000000
0 58  1 0    -291.000000  511.000000  374.000000  20.000000  46.000000  -13.000000  -5.000000
0 58  2 0    -265.000000  206.000000  511.000000  81.000000  47.000000  -7.000000  2.000000
0 58  3 0    -362.000000  479.000000  511.000000  166.000000  35.000000  3.000000  41.000000
0 59  0 0    -201.000000  511.000000  213.000000  43.000000  2.000000  26.000000  -22.000000
0 59  1 0    -238.000000  511.000000  262.000000  42.000000  29.000000  5.000000  15.000000
0 59  2 0    -276.000000  320.000000  511.000000  128.000000  30.000000  22.000000  -3.000000
0 59  3 0    -321.000000  511.000000  406.000000  72.000000  -16.000000  29.000000  -17.000000
0 60  0 0    -327.000000  511.000000  422.000000  77.000000  3.000000  0.000000  16.000000
0 60  1 0    0.000000  0.000000  0.000000  0.000000  0.000000  0.000000  0.000000
0 60  2 0    -323.000000  109.000000  511.000000  259.000000  36.000000  1.000000  40.000000
0 60  3 0    -278.000000  297.000000  511.000000  108.000000  14.000000  0.000000  3.000000
0 61  0 0    -346.000000  394.000000  511.000000  173.000000  -1.000000  50.000000  -8.000000
0 61  1 0    -368.000000  475.000000  511.000000  132.000000  12.000000  41.000000  -2.000000
0 61  2 0    -205.000000  104.000000  511.000000  123.000000  56.000000  9.000000  13.000000
0 61  3 0    -274.000000  269.000000  511.000000  123.000000  48.000000  -28.000000  34.000000
0 62  0 0    -256.000000  136.000000  511.000000  154.000000  2.000000  34.000000  1.000000
0 62  1 0    -217.000000  129.000000  511.000000  108.000000  11.000000  12.000000  15.000000
0 62  2 0    -183.000000  511.000000  217.000000  33.000000  24.000000  5.000000  11.000000
0 62  3 0    -189.000000  11.000000  511.000000  210.000000  18.000000  3.000000  32.000000
0 63  0 0    -68.000000  511.000000  78.000000  31.000000  8.000000  6.000000  -14.000000
0 63  1 0    -217.000000  88.000000  511.000000  170.000000  71.000000  3.000000  7.000000
0 63  2 0    -149.000000  511.000000  185.000000  47.000000  1.000000  5.000000  0.000000
0 63  3 0    -222.000000  115.000000  511.000000  183.000000  54.000000  -36.000000  35.000000
1 00  0 0    -114.000000  -111.000000  511.000000  201.000000  45.000000  5.000000  12.000000
1 00  1 0    -174.000000  -101.000000  511.000000  291.000000  67.000000  33.000000  -39.000000
1 00  2 0    -71.000000  -281.000000  511.000000  473.000000  77.000000  2.000000  51.000000
1 00  3 0    -30.000000  -239.000000  511.000000  349.000000  64.000000  -4.000000  47.000000
1 01  0 0    -130.000000  -54.000000  511.000000  209.000000  0.000000  32.000000  3.000000
1 01  1 0    -108.000000  -97.000000  511.000000  184.000000  25.000000  8.000000  21.000000
1 01  2 0    -105.000000  -176.000000  511.000000  328.000000  83.000000  -5.000000  16.000000
1 01  3 0    -159.000000  -57.000000  511.000000  328.000000  3.000000  69.000000  -15.000000
1 02  0 0    -158.000000  1.000000  511.000000  223.000000  9.000000  35.000000  12.000000
1 02  1 0    -185.000000  -4.000000  511.000000  213.000000  23.000000  -11.000000  16.000000
1 02  2 0    -82.000000  -237.000000  479.000000  511.000000  80.000000  30.000000  47.000000
1 02  3 0    -130.000000  -128.000000  511.000000  271.000000  80.000000  -2.000000  -10.000000
1 03  0 0    -227.000000  101.000000  511.000000  148.000000  42.000000  19.000000  -10.000000
1 03  1 0    -179.000000  63.000000  511.000000  133.000000  15.000000  33.000000  -3.000000
1 03  2 0    -135.000000  -77.000000  511.000000  256.000000  69.000000  16.000000  1.000000
1 03  3 0    -206.000000  35.000000  511.000000  176.000000  37.000000  21.000000  -5.000000
1 04  0 0    -322.000000  399.000000  511.000000  100.000000  46.000000  -28.000000  18.000000
1 04  1 0    -303.000000  330.000000  511.000000  136.000000  32.000000  6.000000  -3.000000
1 04  2 0    -160.000000  -62.000000  511.000000  230.000000  55.000000  -6.000000  25.000000
1 04  3 0    -154.000000  3.000000  511.000000  113.000000  39.000000  24.000000  6.000000
1 05  0 0    -316.000000  370.000000  511.000000  103.000000  2.000000  4.000000  5.000000
1 05  1 0    -260.000000  290.000000  511.000000  73.000000  25.000000  13.000000  -1.000000
1 05  2 0    -219.000000  33.000000  511.000000  131.000000  55.000000  -8.000000  -10.000000
1 05  3 0    -239.000000  130.000000  511.000000  148.000000  6.000000  34.000000  -11.000000
1 06  0 0    -339.000000  389.000000  511.000000  143.000000  6.000000  38.000000  -26.000000
1 06  1 0    -310.000000  337.000000  511.000000  148.000000  26.000000  17.000000  4.000000
1 06  2 0    -222.000000  157.000000  511.000000  160.000000  65.000000  4.000000  6.000000
1 06  3 0    -248.000000  218.000000  511.000000  127.000000  59.000000  -7.000000  -1.000000
1 07  0 0    0.000000  0.000000  0.000000  0.000000  0.000000  0.000000  0.000000
1 07  1 0    -250.000000  220.000000  511.000000  81.000000  29.000000  30.000000  -4.000000
1 07  2 0    -270.000000  99.000000  511.000000  127.000000  1.000000  7.000000  -25.000000
1 07  3 0    -231.000000  146.000000  511.000000  92.000000  40.000000  -10.000000  29.000000
1 08  0 0    -152.000000  -29.000000  511.000000  201.000000  27.000000  31.000000  0.000000
1 08  1 0    -192.000000  -47.000000  511.000000  241.000000  25.000000  7.000000  -40.000000
1 08  2 0    -95.000000  -187.000000  511.000000  332.000000  48.000000  12.000000  19.000000
1 08  3 0    -172.000000  -42.000000  511.000000  295.000000  44.000000  22.000000  -3.000000
1 09  0 0    -185.000000  25.000000  511.000000  134.000000  64.000000  -16.000000  15.000000
1 09  1 0    -141.000000  -56.000000  511.000000  144.000000  53.000000  5.000000  26.000000
1 09  2 0    -140.000000  -80.000000  511.000000  271.000000  41.000000  9.000000  4.000000
1 09  3 0    -192.000000  41.000000  511.000000  207.000000  45.000000  -13.000000  28.000000
1 10  0 0    19.000000  -316.000000  345.000000  511.000000  113.000000  41.000000  -7.000000
1 10  1 0    33.000000  -276.000000  170.000000  511.000000  148.000000  44.000000  15.000000
1 10  2 0    -140.000000  27.000000  511.000000  199.000000  25.000000  10.000000  12.000000
1 10  3 0    31.000000  -201.000000  17.000000  511.000000  217.000000  0.000000  29.000000
1 11  0 0    9.000000  -284.000000  266.000000  511.000000  127.000000  14.000000  16.000000
1 11  1 0    75.000000  -297.000000  170.000000  511.000000  146.000000  30.000000  20.000000
1 11  2 0    -149.000000  -61.000000  511.000000  214.000000  7.000000  27.000000  19.000000
1 11  3 0    -194.000000  21.000000  511.000000  175.000000  61.000000  -4.000000  27.000000
1 12  0 0    -49.000000  -226.000000  511.000000  406.000000  46.000000  60.000000  -6.000000
1 12  1 0    -73.000000  -217.000000  511.000000  470.000000  74.000000  48.000000  6.000000
1 12  2 0    44.000000  -294.000000  192.000000  511.000000  104.000000  2.000000  19.000000
1 12  3 0    26.000000  -268.000000  231.000000  511.000000  46.000000  57.000000  -17.000000
1 13  0 0    18.000000  -353.000000  511.000000  478.000000  114.000000  12.000000  16.000000
1 13  1 0    -9.000000  -363.000000  501.000000  511.000000  146.000000  16.000000  -3.000000
1 13  2 0    65.000000  -302.000000  176.000000  511.000000  147.000000  30.000000  9.000000
1 13  3 0    26.000000  -304.000000  285.000000  511.000000  129.000000  38.000000  -7.000000
1 14  0 0    25.000000  -333.000000  397.000000  511.000000  134.000000  6.000000  38.000000
1 14  1 0    44.000000  -369.000000  385.000000  511.000000  154.000000  11.000000  27.000000
1 14  2 0    38.000000  -232.000000  106.000000  511.000000  173.000000  36.000000  17.000000
1 14  3 0    7.000000  -262.000000  198.000000  511.000000  130.000000  72.000000  14.000000
1 15  0 0    0.000000  -325.000000  484.000000  511.000000  71.000000  55.000000  9.000000
1 15  1 0    25.000000  -374.000000  511.000000  477.000000  64.000000  28.000000  44.000000
1 15  2 0    30.000000  -281.000000  183.000000  511.000000  129.000000  7.000000  13.000000
1 15  3 0    28.000000  -301.000000  297.000000  511.000000  130.000000  -16.000000  39.000000
1 16  0 0    -109.000000  -103.000000  511.000000  249.000000  1.000000  54.000000  -1.000000
1 16  1 0    -144.000000  -139.000000  511.000000  264.000000  31.000000  40.000000  -40.000000
1 16  2 0    -96.000000  -245.000000  511.000000  400.000000  46.000000  50.000000  -2.000000
1 16  3 0    -70.000000  -206.000000  511.000000  281.000000  17.000000  33.000000  0.000000
1 17  0 0    -178.000000  13.000000  511.000000  179.000000  23.000000  14.000000  -1.000000
1 17  1 0    -129.000000  -82.000000  511.000000  229.000000  41.000000  -7.000000  28.000000
1 17  2 0    38.000000  -206.000000  511.000000  135.000000  20.000000  52.000000  79.000000
1 17  3 0    -125.000000  -63.000000  511.000000  242.000000  38.000000  36.000000  14.000000
1 18  0 0    -219.000000  91.000000  511.000000  184.000000  24.000000  -17.000000  27.000000
1 18  1 0    -214.000000  30.000000  511.000000  189.000000  44.000000  3.000000  -27.000000
1 18  2 0    -132.000000  -161.000000  511.000000  319.000000  25.000000  16.000000  -8.000000
1 18  3 0    -109.000000  -77.000000  511.000000  196.000000  39.000000  -4.000000  7.000000
1 19  0 0    -233.000000  142.000000  511.000000  97.000000  35.000000  7.000000  10.000000
1 19  1 0    -266.000000  229.000000  511.000000  155.000000  34.000000  -9.000000  29.000000
1 19  2 0    -147.000000  0.000000  511.000000  201.000000  37.000000  10.000000  32.000000
1 19  3 0    -176.000000  13.000000  511.000000  193.000000  54.000000  13.000000  -11.000000
1 20  0 0    -342.000000  413.000000  511.000000  93.000000  49.000000  -2.000000  -1.000000
1 20  1 0    -325.000000  340.000000  511.000000  110.000000  40.000000  -14.000000  -15.000000
1 20  2 0    -229.000000  154.000000  511.000000  248.000000  18.000000  3.000000  32.000000
1 20  3 0    -187.000000  61.000000  511.000000  177.000000  21.000000  -8.000000  9.000000
1 21  0 0    -318.000000  349.000000  511.000000  128.000000  39.000000  -5.000000  10.000000
1 21  1 0    -270.000000  268.000000  511.000000  162.000000  26.000000  9.000000  14.000000
1 21  2 0    -201.000000  -47.000000  511.000000  230.000000  51.000000  -32.000000  4.000000
1 21  3 0    -226.000000  82.000000  511.000000  162.000000  48.000000  -29.000000  36.000000
1 22  0 0    -303.000000  322.000000  511.000000  115.000000  57.000000  -25.000000  14.000000
1 22  1 0    -295.000000  184.000000  511.000000  175.000000  36.000000  -12.000000  -27.000000
1 22  2 0    -253.000000  57.000000  511.000000  234.000000  79.000000  -16.000000  -44.000000
1 22  3 0    -241.000000  138.000000  511.000000  211.000000  64.000000  -11.000000  16.000000
1 23  0 0    -59.000000  -304.000000  511.000000  440.000000  44.000000  45.000000  -11.000000
1 23  1 0    -11.000000  -324.000000  511.000000  460.000000  58.000000  11.000000  31.000000
1 23  2 0    -254.000000  214.000000  511.000000  142.000000  -2.000000  12.000000  13.000000
1 23  3 0    -330.000000  380.000000  511.000000  78.000000  79.000000  -26.000000  21.000000
1 24  0 0    -230.000000  84.000000  511.000000  144.000000  36.000000  -2.000000  3.000000
1 24  1 0    -199.000000  25.000000  511.000000  178.000000  20.000000  2.000000  -6.000000
1 24  2 0    -188.000000  -57.000000  511.000000  337.000000  67.000000  30.000000  -72.000000
1 24  3 0    -212.000000  80.000000  511.000000  295.000000  -16.000000  28.000000  -22.000000
1 25  0 0    -220.000000  124.000000  511.000000  161.000000  15.000000  2.000000  12.000000
1 25  1 0    -200.000000  75.000000  511.000000  180.000000  10.000000  -16.000000  32.000000
1 25  2 0    -141.000000  -64.000000  511.000000  172.000000  5.000000  28.000000  12.000000
1 25  3 0    -154.000000  4.000000  511.000000  160.000000  24.000000  19.000000  2.000000
1 26  0 0    -288.000000  277.000000  511.000000  159.000000  33.000000  -1.000000  2.000000
1 26  1 0    -246.000000  192.000000  511.000000  130.000000  28.000000  -15.000000  7.000000
1 26  2 0    -218.000000  24.000000  511.000000  202.000000  15.000000  16.000000  -22.000000
1 26  3 0    -173.000000  44.000000  511.000000  160.000000  23.000000  12.000000  -2.000000
1 27  0 0    -206.000000  127.000000  511.000000  91.000000  53.000000  -9.000000  11.000000
1 27  1 0    -197.000000  96.000000  511.000000  148.000000  22.000000  21.000000  3.000000
1 27  2 0    -156.000000  -87.000000  511.000000  358.000000  105.000000  4.000000  27.000000
1 27  3 0    -158.000000  -48.000000  511.000000  450.000000  151.000000  10.000000  2.000000
1 28  0 0    -271.000000  499.000000  511.000000  131.000000  54.000000  0.000000  6.000000
1 28  1 0    0.000000  0.000000  0.000000  0.000000  0.000000  0.000000  0.000000
1 28  2 0    -146.000000  -164.000000  511.000000  446.000000  57.000000  56.000000  -38.000000
1 28  3 0    -146.000000  -48.000000  511.000000  255.000000  -17.000000  40.000000  -39.000000
1 29  0 0    -172.000000  61.000000  511.000000  149.000000  54.000000  9.000000  -3.000000
1 29  1 0    -184.000000  77.000000  511.000000  144.000000  38.000000  2.000000  46.000000
1 29  2 0    -152.000000  -83.000000  511.000000  311.000000  19.000000  27.000000  2.000000
1 29  3 0    -156.000000  -5.000000  511.000000  172.000000  68.000000  -4.000000  42.000000
1 30  0 0    -221.000000  140.000000  511.000000  125.000000  26.000000  -6.000000  16.000000
1 30  1 0    -228.000000  196.000000  511.000000  86.000000  49.000000  4.000000  12.000000
1 30  2 0    -135.000000  -37.000000  511.000000  209.000000  23.000000  19.000000  -20.000000
1 30  3 0    -189.000000  144.000000  511.000000  191.000000  51.000000  -15.000000  27.000000
1 31  0 0    -226.000000  161.000000  511.000000  106.000000  40.000000  10.000000  -13.000000
1 31  1 0    -210.000000  112.000000  511.000000  133.000000  27.000000  3.000000  24.000000
1 31  2 0    -119.000000  -97.000000  511.000000  269.000000  43.000000  -3.000000  33.000000
1 31  3 0    -139.000000  5.000000  511.000000  173.000000  37.000000  -4.000000  39.000000
1 32  0 0    -272.000000  295.000000  511.000000  76.000000  50.000000  0.000000  16.000000
1 32  1 0    -263.000000  232.000000  511.000000  99.000000  50.000000  -18.000000  6.000000
1 32  2 0    -221.000000  98.000000  511.000000  211.000000  59.000000  3.000000  -4.000000
1 32  3 0    -222.000000  142.000000  511.000000  103.000000  4.000000  50.000000  -17.000000
1 33  0 0    -186.000000  106.000000  511.000000  101.000000  56.000000  -19.000000  34.000000
1 33  1 0    -225.000000  155.000000  511.000000  135.000000  25.000000  -14.000000  40.000000
1 33  2 0    -179.000000  36.000000  511.000000  208.000000  29.000000  12.000000  -2.000000
1 33  3 0    -180.000000  96.000000  511.000000  100.000000  45.000000  6.000000  -2.000000
1 34  0 0    -220.000000  184.000000  511.000000  124.000000  48.000000  -29.000000  40.000000
1 34  1 0    -237.000000  139.000000  511.000000  131.000000  34.000000  -2.000000  -14.000000
1 34  2 0    -127.000000  511.000000  263.000000  25.000000  69.000000  -64.000000  29.000000
1 34  3 0    -172.000000  113.000000  511.000000  219.000000  26.000000  50.000000  -8.000000
1 35  0 0    -203.000000  276.000000  511.000000  74.000000  58.000000  27.000000  96.000000
1 35  1 0    -224.000000  161.000000  511.000000  74.000000  44.000000  5.000000  -8.000000
1 35  2 0    -186.000000  2.000000  511.000000  242.000000  35.000000  27.000000  -1.000000
1 35  3 0    -189.000000  76.000000  511.000000  164.000000  44.000000  6.000000  7.000000
1 36  0 0    -224.000000  168.000000  511.000000  143.000000  14.000000  18.000000  23.000000
1 36  1 0    -236.000000  179.000000  511.000000  158.000000  20.000000  9.000000  2.000000
1 36  2 0    -250.000000  511.000000  311.000000  13.000000  20.000000  16.000000  -14.000000
1 36  3 0    -178.000000  138.000000  511.000000  195.000000  50.000000  -3.000000  2.000000
1 37  0 0    -153.000000  37.000000  511.000000  199.000000  27.000000  23.000000  24.000000
1 37  1 0    -143.000000  13.000000  511.000000  170.000000  37.000000  28.000000  5.000000
1 37  2 0    -250.000000  511.000000  323.000000  49.000000  52.000000  -3.000000  18.000000
1 37  3 0    -182.000000  511.000000  218.000000  24.000000  30.000000  -32.000000  22.000000
1 38  0 0    -248.000000  511.000000  296.000000  21.000000  24.000000  -10.000000  6.000000
1 38  1 0    -223.000000  511.000000  241.000000  45.000000  10.000000  -17.000000  -5.000000
1 38  2 0    -316.000000  441.000000  511.000000  52.000000  29.000000  -17.000000  -20.000000
1 38  3 0    -314.000000  511.000000  466.000000  0.000000  54.000000  31.000000  4.000000
1 39  0 0    -298.000000  511.000000  375.000000  54.000000  39.000000  -12.000000  9.000000
1 39  1 0    -271.000000  511.000000  418.000000  89.000000  31.000000  -21.000000  -1.000000
1 39  2 0    -298.000000  334.000000  511.000000  96.000000  18.000000  28.000000  4.000000
1 39  3 0    -314.000000  492.000000  511.000000  52.000000  41.000000  5.000000  5.000000
1 40  0 0    -141.000000  -50.000000  511.000000  207.000000  44.000000  23.000000  13.000000
1 40  1 0    -152.000000  -77.000000  511.000000  231.000000  45.000000  31.000000  -34.000000
1 40  2 0    -55.000000  -226.000000  511.000000  363.000000  70.000000  36.000000  5.000000
1 40  3 0    -92.000000  -160.000000  511.000000  349.000000  82.000000  3.000000  26.000000
1 41  0 0    -182.000000  53.000000  511.000000  123.000000  39.000000  -7.000000  19.000000
1 41  1 0    -160.000000  1.000000  511.000000  194.000000  32.000000  17.000000  6.000000
1 41  2 0    -119.000000  -83.000000  511.000000  223.000000  42.000000  6.000000  18.000000
1 41  3 0    -204.000000  54.000000  511.000000  168.000000  92.000000  -20.000000  10.000000
1 42  0 0    -223.000000  176.000000  511.000000  144.000000  38.000000  13.000000  -11.000000
1 42  1 0    -260.000000  166.000000  511.000000  149.000000  40.000000  8.000000  -22.000000
1 42  2 0    -161.000000  -91.000000  511.000000  315.000000  -13.000000  62.000000  -37.000000
1 42  3 0    -188.000000  14.000000  511.000000  194.000000  18.000000  16.000000  0.000000
1 43  0 0    -225.000000  151.000000  511.000000  132.000000  35.000000  0.000000  7.000000
1 43  1 0    -219.000000  117.000000  511.000000  137.000000  32.000000  -8.000000  -9.000000
1 43  2 0    -178.000000  -52.000000  511.000000  238.000000  13.000000  7.000000  -24.000000
1 43  3 0    -234.000000  137.000000  511.000000  189.000000  67.000000  -35.000000  8.000000
1 44  0 0    -242.000000  156.000000  511.000000  145.000000  41.000000  5.000000  -4.000000
1 44  1 0    -215.000000  67.000000  511.000000  154.000000  54.000000  -27.000000  -3.000000
1 44  2 0    -90.000000  -208.000000  511.000000  303.000000  67.000000  5.000000  16.000000
1 44  3 0    -91.000000  -145.000000  511.000000  264.000000  35.000000  5.000000  13.000000
1 45  0 0    -144.000000  -38.000000  511.000000  210.000000  13.000000  43.000000  -4.000000
1 45  1 0    -107.000000  -108.000000  511.000000  233.000000  57.000000  -18.000000  27.000000
1 45  2 0    -42.000000  -266.000000  511.000000  409.000000  96.000000  36.000000  -3.000000
1 45  3 0    -31.000000  -288.000000  511.000000  387.000000  24.000000  22.000000  22.000000
1 46  0 0    -117.000000  -68.000000  511.000000  234.000000  69.000000  8.000000  -1.000000
1 46  1 0    -185.000000  118.000000  511.000000  196.000000  48.000000  5.000000  16.000000
1 46  2 0    -112.000000  -158.000000  511.000000  463.000000  35.000000  39.000000  23.000000
1 46  3 0    -110.000000  -108.000000  511.000000  335.000000  11.000000  56.000000  3.000000
1 47  0 0    -89.000000  -180.000000  511.000000  318.000000  68.000000  -7.000000  -1.000000
1 47  1 0    -66.000000  -180.000000  511.000000  287.000000  40.000000  20.000000  0.000000
1 47  2 0    -50.000000  -248.000000  393.000000  511.000000  143.000000  16.000000  22.000000
1 47  3 0    -35.000000  -257.000000  511.000000  406.000000  75.000000  -2.000000  24.000000
1 48  0 0    -260.000000  241.000000  511.000000  118.000000  31.000000  14.000000  -3.000000
1 48  1 0    -250.000000  174.000000  511.000000  160.000000  13.000000  9.000000  0.000000
1 48  2 0    -221.000000  24.000000  511.000000  273.000000  89.000000  9.000000  -22.000000
1 48  3 0    -190.000000  54.000000  511.000000  211.000000  73.000000  21.000000  -8.000000
1 49  0 0    -252.000000  265.000000  511.000000  111.000000  58.000000  -15.000000  36.000000
1 49  1 0    -205.000000  114.000000  511.000000  152.000000  40.000000  -7.000000  27.000000
1 49  2 0    -148.000000  33.000000  511.000000  219.000000  24.000000  2.000000  26.000000
1 49  3 0    -191.000000  40.000000  511.000000  142.000000  19.000000  31.000000  -14.000000
1 50  0 0    -153.000000  511.000000  191.000000  21.000000  7.000000  -2.000000  8.000000
1 50  1 0    -198.000000  511.000000  202.000000  31.000000  32.000000  -18.000000  6.000000
1 50  2 0    -290.000000  511.000000  419.000000  26.000000  48.000000  -18.000000  -5.000000
1 50  3 0    -245.000000  511.000000  328.000000  15.000000  42.000000  13.000000  0.000000
1 51  0 0    -180.000000  44.000000  511.000000  163.000000  36.000000  -1.000000  19.000000
1 51  1 0    -184.000000  38.000000  511.000000  198.000000  43.000000  11.000000  4.000000
1 51  2 0    -196.000000  511.000000  244.000000  -42.000000  54.000000  145.000000  6.000000
1 51  3 0    -191.000000  511.000000  242.000000  38.000000  0.000000  21.000000  -3.000000
1 52  0 0    -205.000000  114.000000  511.000000  131.000000  26.000000  10.000000  15.000000
1 52  1 0    -170.000000  26.000000  511.000000  186.000000  36.000000  0.000000  6.000000
1 52  2 0    -262.000000  511.000000  403.000000  17.000000  30.000000  -10.000000  0.000000
1 52  3 0    -223.000000  511.000000  273.000000  39.000000  14.000000  -19.000000  20.000000
1 53  0 0    -172.000000  -3.000000  511.000000  179.000000  57.000000  7.000000  -12.000000
1 53  1 0    -180.000000  53.000000  511.000000  180.000000  42.000000  37.000000  -10.000000
1 53  2 0    -234.000000  511.000000  350.000000  36.000000  33.000000  -33.000000  15.000000
1 53  3 0    -110.000000  -116.000000  511.000000  281.000000  85.000000  9.000000  0.000000
1 54  0 0    -105.000000  -141.000000  511.000000  250.000000  67.000000  -6.000000  14.000000
1 54  1 0    -67.000000  -232.000000  511.000000  290.000000  89.000000  3.000000  15.000000
1 54  2 0    -397.000000  511.000000  510.000000  73.000000  26.000000  0.000000  9.000000
1 54  3 0    -327.000000  511.000000  468.000000  74.000000  24.000000  23.000000  5.000000
1 55  0 0    -318.000000  511.000000  480.000000  57.000000  69.000000  -17.000000  -1.000000
1 55  1 0    -341.000000  511.000000  411.000000  89.000000  5.000000  21.000000  10.000000
1 55  2 0    -280.000000  211.000000  511.000000  110.000000  41.000000  -16.000000  24.000000
1 55  3 0    -238.000000  313.000000  511.000000  218.000000  31.000000  -4.000000  16.000000
1 56  0 0    -193.000000  8.000000  511.000000  214.000000  11.000000  6.000000  5.000000
1 56  1 0    -194.000000  -15.000000  511.000000  226.000000  86.000000  -5.000000  -29.000000
1 56  2 0    0.000000  0.000000  0.000000  0.000000  0.000000  0.000000  0.000000
1 56  3 0    -148.000000  -58.000000  511.000000  216.000000  57.000000  -18.000000  10.000000
1 57  0 0    93.000000  -267.000000  122.000000  511.000000  130.000000  33.000000  41.000000
1 57  1 0    -184.000000  -1.000000  511.000000  186.000000  57.000000  2.000000  21.000000
1 57  2 0    -159.000000  -82.000000  511.000000  242.000000  61.000000  5.000000  -23.000000
1 57  3 0    -165.000000  -8.000000  511.000000  155.000000  73.000000  -13.000000  26.000000
1 58  0 0    -218.000000  103.000000  511.000000  164.000000  26.000000  4.000000  16.000000
1 58  1 0    -209.000000  85.000000  511.000000  157.000000  22.000000  9.000000  7.000000
1 58  2 0    -106.000000  -157.000000  511.000000  299.000000  16.000000  72.000000  -12.000000
1 58  3 0    -174.000000  17.000000  511.000000  221.000000  -11.000000  26.000000  23.000000
1 59  0 0    -163.000000  -30.000000  511.000000  193.000000  24.000000  12.000000  7.000000
1 59  1 0    -146.000000  -52.000000  511.000000  232.000000  36.000000  3.000000  -6.000000
1 59  2 0    -48.000000  -298.000000  511.000000  373.000000  74.000000  3.000000  -4.000000
1 59  3 0    -86.000000  -324.000000  511.000000  263.000000  -38.000000  -44.000000  -7.000000
1 60  0 0    -109.000000  -170.000000  511.000000  282.000000  50.000000  0.000000  9.000000
1 60  1 0    -103.000000  -207.000000  511.000000  304.000000  82.000000  25.000000  -11.000000
1 60  2 0    48.000000  -387.000000  384.000000  511.000000  217.000000  46.000000  0.000000
1 60  3 0    -22.000000  -328.000000  511.000000  463.000000  107.000000  45.000000  43.000000
1 61  0 0    -68.000000  -228.000000  511.000000  325.000000  59.000000  24.000000  1.000000
1 61  1 0    -49.000000  -252.000000  511.000000  399.000000  117.000000  0.000000  38.000000
1 61  2 0    0.000000  0.000000  0.000000  0.000000  0.000000  0.000000  0.000000
1 61  3 0    12.000000  -365.000000  363.000000  511.000000  173.000000  50.000000  35.000000
1 62  0 0    -32.000000  -260.000000  511.000000  414.000000  39.000000  50.000000  8.000000
1 62  1 0    -11.000000  -324.000000  415.000000  511.000000  67.000000  57.000000  16.000000
1 62  2 0    68.000000  -406.000000  288.000000  511.000000  131.000000  14.000000  19.000000
1 62  3 0    15.000000  -318.000000  329.000000  511.000000  107.000000  12.000000  7.000000
1 63  0 0    26.000000  -371.000000  364.000000  511.000000  123.000000  27.000000  2.000000
1 63  1 0    61.000000  -316.000000  179.000000  511.000000  135.000000  -6.000000  29.000000
1 63  2 0    -197.000000  -18.000000  511.000000  167.000000  24.000000  11.000000  -14.000000
1 63  3 0    63.000000  -319.000000  186.000000  511.000000  153.000000  14.000000  35.000000

