0 0 33 35 35 36 39 38 38 34 32 35 36 34 32 31 37 36 37 35 34 32 30 34 37 49 51 48 41 38 
0 1 35 39 42 39 35 36 40 40 47 58 61 56 47 39 29 29 28 27 28 29 30 31 27 30 29 31 31 32 
0 2 28 29 31 31 31 34 38 31 29 30 28 31 39 41 31 42 59 62 51 39 36 39 42 52 55 50 41 37 
0 3 33 35 39 39 38 37 34 37 37 44 45 41 40 37 29 32 35 35 31 30 26 37 44 47 47 40 34 33 
0 4 31 31 31 32 35 32 30 30 30 35 35 31 33 36 30 30 32 36 36 37 37 33 44 61 61 51 44 36 
0 5 33 32 36 38 35 31 31 31 36 40 39 36 31 30 26 31 49 56 51 41 33 33 43 60 65 54 44 38 
0 6 28 31 37 37 35 35 33 36 42 43 40 33 31 31 28 29 36 35 33 32 28 33 34 40 38 35 32 33 
0 7 31 37 41 40 34 31 32 31 40 51 49 43 38 36 30 31 33 31 31 31 32 27 30 33 31 30 29 28 
0 8 35 33 35 38 39 36 33 28 29 30 35 36 36 36 31 39 47 47 45 40 31 32 44 54 52 46 41 36 
0 9 34 48 59 55 48 42 38 38 51 63 61 48 38 36 30 35 45 46 43 37 32 33 35 34 33 34 34 35 
0 10 28 27 29 32 33 31 32 36 35 33 33 34 37 37 33 47 58 56 46 36 33 36 45 48 44 37 30 29 
0 11 32 32 33 34 34 36 35 34 33 31 33 33 32 31 35 48 62 59 49 42 35 31 35 59 75 68 52 45 
0 12 35 40 48 47 43 38 36 38 45 53 55 48 42 39 28 30 31 32 32 32 31 27 26 30 31 30 28 31 
0 13 33 33 34 35 36 37 37 30 33 34 34 34 31 36 27 29 40 45 43 37 34 33 36 41 41 40 38 37 
0 14 31 33 37 37 33 34 42 33 37 38 35 33 32 36 35 34 39 43 42 37 32 37 47 56 57 53 45 39 
0 15 31 32 34 33 32 31 31 34 41 44 40 34 31 31 35 37 38 39 34 31 30 31 32 38 43 41 37 34 
0 16 31 31 31 31 31 31 31 37 47 60 59 50 38 34 32 52 92 99 81 62 49 35 55 83 86 68 51 44 
0 17 28 32 34 32 32 33 32 31 30 30 31 31 33 34 28 34 44 49 48 43 38 25 34 47 50 43 34 30 
0 18 29 35 38 37 35 34 33 36 40 45 43 38 36 33 48 49 47 42 36 34 35 50 47 45 42 39 35 35 
0 19 31 29 31 32 31 30 31 35 32 31 31 32 33 35 34 44 55 50 43 36 34 31 41 51 47 41 37 37 
0 20 30 30 28 28 30 30 26 24 25 25 30 30 27 27 35 37 42 45 42 41 37 36 42 52 51 43 39 39 
0 21 29 29 26 25 25 26 28 34 32 29 28 29 25 26 37 44 50 47 46 43 35 38 48 56 54 47 39 37 
0 22 26 29 33 36 35 36 33 30 31 37 39 38 36 33 33 41 43 42 37 36 33 42 49 54 47 38 31 27 
0 23 28 31 30 30 30 27 26 31 31 31 33 31 32 31 45 87 116 101 71 48 37 57 116 147 122 83 58 44 
0 24 33 35 36 32 30 31 34 31 30 31 34 38 37 34 37 44 50 50 43 39 32 39 48 57 55 46 41 38 
0 25 38 37 36 36 34 32 32 33 34 35 35 36 38 36 31 37 45 45 41 38 35 29 41 49 46 40 34 30 
0 26 35 40 39 36 33 30 27 44 56 55 46 35 28 28 30 30 31 30 33 34 33 33 32 30 31 32 31 31 
0 27 27 32 35 32 31 32 32 29 27 28 27 27 29 31 31 38 47 49 44 35 31 38 55 64 58 46 37 34 
0 28 31 33 35 34 37 34 35 34 34 35 34 34 35 35 28 40 58 56 49 40 36 30 40 54 57 47 37 33 
0 29 32 43 49 51 44 36 31 32 38 38 35 32 32 31 25 28 32 34 34 34 31 27 31 31 31 29 27 26 
0 30 33 33 30 30 31 31 31 31 31 33 31 32 32 31 36 40 46 48 43 40 37 44 51 56 55 49 41 38 
0 31 33 40 43 39 34 31 32 34 47 54 53 46 40 38 32 34 32 28 28 29 29 31 34 33 34 36 32 31 
0 32 35 45 47 42 36 33 35 37 42 42 39 37 39 36 31 37 38 38 34 31 28 37 40 38 35 33 32 31 
0 33 29 34 34 33 37 37 34 35 37 36 37 38 38 35 37 43 47 43 38 37 34 42 54 58 52 46 39 36 
0 34 27 25 31 31 31 32 31 31 32 35 33 32 34 33 36 51 57 52 43 39 36 35 52 63 58 44 36 33 
0 35 37 37 33 32 31 32 31 38 40 37 36 37 37 35 34 43 49 49 43 38 36 33 45 53 48 42 39 34 
0 36 43 55 56 53 45 36 32 38 47 49 47 44 39 36 35 37 38 40 38 35 34 36 38 40 38 34 32 33 
0 37 24 29 34 36 35 31 32 34 35 36 34 32 30 29 29 38 49 51 47 41 36 28 33 39 39 37 35 35 
0 38 31 48 55 51 43 35 30 37 43 46 42 39 37 35 32 36 40 38 35 30 32 31 32 36 33 31 31 31 
0 39 37 38 38 37 35 33 31 37 42 47 47 42 38 35 30 31 38 39 38 36 37 37 45 52 49 45 35 32 
0 40 27 30 34 35 34 33 31 31 31 30 30 31 33 33 31 48 69 65 51 41 36 36 51 67 65 55 47 40 
0 41 27 29 31 31 32 33 30 34 31 31 33 35 34 30 35 40 43 44 41 36 31 33 42 43 36 31 31 32 
0 42 34 35 37 37 37 34 31 35 36 44 49 43 37 33 34 43 52 50 44 37 33 41 58 65 57 46 39 34 
0 43 33 37 42 39 36 34 33 41 44 50 48 42 39 40 31 31 36 36 33 30 25 31 32 33 33 33 35 36 
0 44 30 34 39 39 37 33 30 36 45 52 49 43 36 36 33 30 28 31 35 36 35 33 36 34 35 33 32 34 
0 45 38 74 100 89 61 42 36 35 54 74 70 59 47 38 32 32 39 42 37 33 32 32 33 35 34 32 32 33 
0 46 31 31 36 37 31 29 31 41 40 38 38 35 36 35 33 39 47 46 42 37 33 31 34 43 42 40 38 34 
0 47 35 34 38 37 37 35 33 36 37 42 43 39 37 36 30 42 71 79 68 55 45 37 73 129 133 100 67 48 
0 48 36 41 41 39 36 33 33 36 36 39 38 35 34 35 31 41 48 46 40 36 33 36 36 35 34 31 28 30 
0 49 36 36 35 31 29 27 31 36 36 37 36 34 32 35 36 45 53 49 44 39 36 39 41 44 39 36 33 34 
0 50 29 27 26 27 29 29 28 34 34 31 31 32 31 28 32 43 55 56 46 40 37 32 41 42 34 30 28 28 
0 51 33 41 44 45 47 43 37 31 39 43 50 54 48 40 26 28 29 30 31 28 28 25 26 28 31 35 31 30 
0 52 26 27 31 33 33 32 31 28 29 31 30 28 30 30 33 39 45 41 36 31 31 27 39 50 48 43 36 34 
0 53 27 25 25 26 27 30 29 27 30 31 31 30 31 29 34 38 47 47 44 42 37 29 33 45 47 41 36 33 
0 54 31 32 33 34 33 33 31 36 36 35 36 38 33 31 31 34 40 46 46 40 37 33 37 42 46 42 39 36 
0 55 35 50 58 53 42 36 32 36 46 50 45 37 34 32 35 47 59 54 43 37 36 31 35 39 37 35 32 29 
0 56 35 36 35 35 34 37 38 34 37 35 37 36 37 40 36 42 45 43 37 34 34 41 50 48 44 41 38 36 
0 57 34 34 33 32 32 33 32 35 33 34 33 34 36 32 34 48 58 54 46 37 32 37 49 58 53 44 37 33 
0 58 33 32 30 30 31 33 31 30 26 30 31 32 31 33 31 43 48 44 36 31 31 34 39 42 38 33 31 34 
0 59 31 36 41 38 30 30 32 37 38 38 38 35 35 33 31 43 43 39 33 34 36 35 39 44 44 41 38 37 
0 60 34 39 40 38 32 31 31 37 33 31 32 36 35 33 31 32 35 34 32 31 31 40 40 42 41 37 38 35 
0 61 27 29 31 30 30 27 28 28 27 28 28 29 28 27 31 38 45 43 38 35 34 37 46 49 43 38 35 32 
0 62 48 121 178 158 110 72 51 44 88 127 115 79 53 40 43 53 53 52 46 40 35 37 44 49 45 40 37 35 
0 63 31 31 29 30 31 31 31 31 31 31 31 31 31 31 42 57 59 51 43 38 33 36 47 57 54 46 38 36 
1 0 27 33 38 39 35 35 32 34 38 41 41 40 37 32 34 36 39 44 41 37 34 32 36 45 48 46 43 35 
1 1 33 35 35 35 35 34 32 34 30 31 31 31 32 35 35 46 63 67 58 47 41 34 43 55 56 49 44 38 
1 2 35 40 45 40 39 37 34 34 39 39 38 34 33 38 36 39 46 47 41 37 36 39 39 42 43 40 37 35 
1 3 32 37 44 44 39 35 31 31 36 43 43 40 35 31 35 36 41 40 38 36 33 35 40 46 45 40 37 39 
1 4 35 42 43 42 36 32 29 32 40 44 43 34 30 31 31 35 41 42 37 30 30 35 39 39 41 41 37 37 
1 5 31 40 51 65 74 66 52 28 37 46 56 61 55 48 31 31 32 34 32 31 33 26 31 34 34 34 31 31 
1 6 31 44 51 43 34 29 29 43 61 65 56 42 35 35 31 30 31 32 31 30 31 33 34 35 33 32 34 34 
1 7 35 34 31 32 31 34 39 37 39 37 34 33 33 31 35 45 53 55 46 36 31 34 35 35 35 35 37 34 
1 8 27 28 27 27 27 30 30 32 36 33 31 31 33 34 34 44 51 46 42 40 35 32 36 38 35 34 34 32 
1 9 37 45 48 44 38 31 31 36 39 42 40 38 34 34 34 37 35 31 29 33 36 27 31 31 32 32 34 32 
1 10 31 29 31 32 33 32 31 35 31 31 31 34 33 34 34 50 57 52 45 39 32 36 40 50 52 48 45 38 
1 11 33 34 34 36 35 32 32 33 35 38 38 40 39 37 36 45 47 42 36 35 35 35 40 44 43 41 40 37 
1 12 22 26 29 28 27 27 30 36 37 36 36 35 32 33 30 38 47 47 41 35 31 33 37 45 43 36 33 32 
1 13 31 38 51 52 44 36 32 35 49 67 65 49 40 32 33 32 35 38 35 36 34 33 37 44 44 35 31 30 
1 14 31 38 50 47 41 39 36 34 36 41 41 38 35 34 29 30 34 31 29 30 29 34 36 33 31 36 37 34 
1 15 34 33 29 30 31 30 30 38 37 37 39 41 43 41 31 37 49 51 41 33 30 26 32 41 41 36 33 31 
1 16 30 29 32 33 33 35 33 31 28 30 32 31 31 31 31 41 45 45 44 40 33 34 36 38 35 33 35 35 
1 17 30 31 34 35 31 32 31 34 34 33 32 31 30 30 39 51 55 47 40 37 38 35 44 50 43 38 38 36 
1 18 30 30 31 29 28 31 32 31 32 33 29 29 34 31 39 47 51 46 36 32 34 27 39 47 46 42 36 34 
1 19 34 31 34 37 34 34 34 33 33 33 33 35 35 36 33 47 58 60 50 41 38 36 53 59 56 49 42 40 
1 20 37 48 50 42 35 31 29 39 46 48 45 42 36 31 36 46 50 45 41 36 36 39 47 51 49 41 36 34 
1 21 28 26 25 28 30 28 27 30 32 33 34 35 35 38 35 45 50 47 40 35 32 35 42 46 43 38 38 36 
1 22 38 47 59 71 68 55 43 35 37 47 60 59 54 47 40 49 51 45 36 35 33 37 47 48 43 40 34 31 
1 23 32 40 40 38 35 31 33 38 40 44 45 39 35 35 33 33 31 30 26 26 28 40 41 38 34 32 28 26 
1 24 31 32 28 27 30 31 33 31 29 32 35 33 31 32 32 34 46 53 47 40 35 32 35 42 47 43 40 35 
1 25 31 32 32 32 32 32 33 35 37 39 41 41 35 30 31 32 38 43 41 34 31 31 36 48 49 43 36 35 
1 26 34 35 35 31 31 33 33 32 33 35 32 32 34 36 29 30 40 46 45 41 40 33 48 70 71 58 46 38 
1 27 35 32 32 34 33 33 32 35 36 37 38 38 39 35 33 39 48 56 50 41 34 34 37 44 50 49 46 41 
1 28 35 36 35 36 38 36 38 34 34 34 34 34 34 34 30 36 56 68 65 54 43 37 41 53 57 48 38 34 
1 29 36 37 37 32 30 27 27 39 41 43 38 35 32 29 31 37 45 49 45 43 37 33 41 58 64 52 43 38 
1 30 29 33 35 38 39 36 31 38 41 39 39 39 38 36 30 35 50 57 49 41 37 35 42 48 52 46 42 41 
1 31 37 39 47 48 41 38 36 30 34 44 45 44 39 39 31 36 50 54 50 43 36 34 35 47 49 47 44 39 
1 32 30 30 29 29 30 30 30 36 37 36 34 31 31 33 33 34 43 47 40 37 37 35 43 53 52 46 40 38 
1 33 31 38 43 39 35 31 30 32 38 53 53 43 34 31 33 37 36 35 35 35 35 31 29 30 29 25 27 28 
1 34 34 39 46 47 43 40 38 31 38 54 61 56 41 37 30 32 33 31 29 26 23 27 30 34 39 36 34 33 
1 35 29 31 31 33 32 31 29 34 35 36 38 40 38 34 32 34 39 39 34 33 31 37 40 44 40 38 35 33 
1 36 33 43 57 62 54 46 42 35 46 63 68 58 45 39 29 31 32 30 31 32 32 31 37 42 44 38 33 33 
1 37 35 35 31 31 32 32 29 27 28 30 31 33 33 31 34 49 58 49 41 34 32 30 38 43 40 36 32 29 
1 38 35 31 29 31 33 31 29 31 33 34 31 29 28 24 31 45 56 51 41 34 35 31 39 48 49 44 38 34 
1 39 34 34 35 34 36 38 34 30 31 28 26 28 29 31 29 37 49 49 41 35 33 30 44 53 49 41 34 34 
1 40 33 36 38 38 34 33 35 33 36 37 37 35 37 34 41 47 52 48 45 40 34 29 32 41 40 35 33 33 
1 41 31 34 41 43 39 34 30 33 38 45 42 38 33 31 34 36 38 37 34 30 32 33 39 47 43 37 33 31 
1 42 37 35 32 35 39 38 32 39 37 35 39 38 37 36 30 31 38 41 33 30 30 39 50 60 58 51 45 35 
1 43 31 38 41 38 35 30 27 37 52 63 60 53 43 38 32 35 38 36 33 30 28 35 45 50 44 39 35 36 
1 44 32 31 31 30 31 29 27 33 32 33 36 37 32 30 35 49 70 71 59 47 41 36 48 63 60 47 37 33 
1 45 25 30 32 32 29 29 29 34 38 40 41 37 38 41 33 36 37 36 33 28 31 30 35 44 49 48 45 40 
1 46 28 30 35 37 35 36 35 33 31 30 33 34 36 42 31 39 45 49 43 36 35 31 36 39 43 38 35 37 
1 47 31 35 41 42 38 37 33 39 41 50 50 40 35 33 35 40 49 48 41 38 33 32 39 58 60 52 41 35 
1 48 32 37 45 44 37 37 36 37 44 51 52 47 40 35 29 29 27 27 26 26 23 31 32 32 31 31 30 32 
1 49 31 35 40 36 33 32 32 32 33 31 34 38 36 31 35 43 54 61 57 48 41 37 38 43 46 41 35 33 
1 50 36 40 41 36 30 29 31 36 42 45 44 40 37 36 32 39 44 44 43 42 39 33 37 40 36 34 35 33 
1 51 32 31 29 31 34 38 39 36 34 33 34 37 34 34 31 36 41 44 44 44 41 34 37 39 37 36 34 32 
1 52 28 28 29 33 31 32 33 32 33 33 34 36 38 37 39 41 46 48 42 37 35 40 58 71 63 50 41 36 
1 53 33 31 31 29 26 24 24 28 29 32 36 37 36 34 33 49 58 53 44 34 33 28 33 40 44 44 40 36 
1 54 31 33 38 39 40 37 35 31 31 36 38 38 36 35 29 35 44 48 43 39 40 33 45 50 49 44 41 39 
1 55 29 29 29 28 31 33 36 30 28 28 31 31 31 31 34 38 45 47 45 42 39 36 39 47 44 40 40 32 
1 56 33 31 32 31 30 32 29 35 35 35 37 38 35 33 32 31 30 29 31 32 33 42 62 70 59 47 38 33 
1 57 29 30 33 37 36 36 37 31 31 31 29 30 30 30 33 43 45 39 34 32 34 42 47 51 46 41 36 36 
1 58 31 38 43 40 34 27 27 40 52 54 49 42 35 33 31 31 34 35 34 33 30 32 38 42 40 38 37 32 
1 59 27 27 31 33 29 28 28 26 22 24 27 27 30 27 35 48 56 50 41 33 29 32 38 47 47 43 39 36 
1 60 32 33 35 33 33 33 31 34 32 31 32 32 34 35 31 37 46 49 41 35 34 31 42 51 52 46 38 34 
1 61 31 35 38 37 35 32 28 32 35 40 39 34 33 31 29 30 30 29 28 29 28 27 30 37 39 37 35 31 
1 62 27 26 26 27 28 31 34 29 31 35 34 33 33 32 33 34 41 45 43 40 35 38 51 62 59 51 46 42 
1 63 29 30 32 35 33 35 33 35 34 35 37 34 34 33 33 36 34 32 33 31 31 28 31 36 36 31 30 31 
